5	6	6
5	93	1
5	302	1
5	455	1
5	775	1
5	1010	1
5	1070	1
5	1082	1
5	1195	1
5	1197	2
5	1282	1
5	1348	1
5	1397	1
5	1766	1
5	2051	1
5	2052	1
5	2099	1
5	2295	1
5	2335	1
5	2338	1
5	2355	1
5	2359	1
5	2363	1
5	2379	1
5	2396	1
5	2527	1
5	2543	1
5	2588	1
5	2589	1
5	2705	1
5	2850	1
5	2875	1
6	161	1
6	732	1
6	770	1
6	1197	1
6	1230	1
6	1613	1
6	2299	1
6	2322	1
6	2379	1
6	2393	1
6	2435	1
6	2527	1
7	2313	1
7	2392	1
7	2523	1
12	93	5
12	347	1
12	541	2
12	542	1
12	544	2
12	710	1
12	729	1
12	886	1
12	1060	1
12	1093	1
12	1144	2
12	1379	2
12	1439	1
12	1523	1
12	1570	1
12	2253	1
12	2269	1
12	2276	1
12	2295	10
12	2332	1
12	2392	1
12	2396	1
12	2436	2
12	2458	1
12	2527	3
12	2532	2
12	2658	1
12	2696	1
12	2724	2
12	2761	1
12	2771	1
19	302	1
19	387	1
19	455	1
19	456	1
19	494	1
19	790	1
19	1111	1
19	1453	2
19	1457	1
19	1460	1
19	1518	1
19	1605	2
19	1613	1
19	1990	3
19	2253	1
19	2391	1
19	2527	1
19	2532	1
19	2645	1
19	2671	1
19	2795	1
19	2879	3
20	121	1
20	192	1
20	427	1
20	770	1
20	1230	1
20	1974	2
20	2052	8
20	2494	1
20	2532	1
30	658	3
30	770	1
30	908	1
30	1250	1
30	1776	1
30	2555	1
35	217	1
35	640	1
35	687	1
35	2073	1
35	2247	18
35	2335	1
35	2336	1
35	2423	1
35	2451	1
35	2477	2
35	2495	1
35	2627	1
36	178	1
36	273	1
36	455	1
36	696	1
36	770	1
36	911	1
36	1230	1
36	1253	2
36	1379	1
36	1704	1
36	1938	1
36	1948	1
36	1974	2
36	2048	1
36	2112	1
36	2234	1
36	2269	1
36	2338	1
36	2341	1
36	2406	1
36	2468	1
36	2658	1
36	2724	1
36	2815	1
36	2879	1
50	539	1
50	639	1
50	1040	2
50	2052	1
50	2328	1
50	2468	1
50	2534	1
53	161	1
53	1566	1
53	1606	1
53	2335	1
53	2485	1
53	2525	1
53	2534	1
53	2729	1
53	2781	1
55	73	1
55	707	3
55	1143	3
55	1144	1
55	1195	1
55	1652	1
55	1687	1
55	1688	2
55	2099	1
55	2276	4
55	2295	2
55	2396	4
55	2620	1
55	2705	9
55	2761	1
66	164	2
66	305	1
66	456	1
66	541	1
66	1505	1
66	2052	1
66	2154	1
66	2294	1
66	2366	2
72	134	2
72	217	2
72	362	2
72	470	2
72	574	3
72	871	1
72	1060	2
72	1082	1
72	1111	2
72	1158	2
72	1195	2
72	1613	2
72	1989	2
72	2013	2
72	2134	2
72	2182	1
72	2234	1
72	2237	2
72	2238	2
72	2295	3
72	2312	2
72	2314	1
72	2321	2
72	2363	1
72	2549	2
72	2561	2
72	2671	2
72	2705	1
72	2755	2
72	2761	2
73	134	1
73	707	4
73	918	1
73	1111	1
73	1195	1
73	1688	1
73	2253	1
73	2295	5
73	2328	1
73	2576	1
73	2690	1
73	2699	1
73	2705	2
73	2761	6
82	716	1
82	1022	1
82	1030	1
82	1111	1
82	1192	1
82	1282	1
82	1747	1
82	1933	3
82	2099	1
82	2134	1
82	2253	10
82	2278	1
82	2307	1
82	2391	1
82	2399	1
82	2409	1
82	2449	3
82	2543	1
82	2850	1
82	2875	1
90	541	1
90	544	1
90	551	1
90	640	1
90	661	1
90	770	1
90	1230	1
90	1260	1
90	1581	1
90	1974	1
90	1990	1
90	2112	1
90	2247	1
90	2286	1
90	2297	2
90	2548	1
90	2724	1
90	2755	1
93	541	1
93	542	1
93	544	1
93	1093	1
93	1144	2
93	1379	1
93	2295	6
93	2436	1
93	2527	1
93	2532	1
93	2705	1
93	2724	1
112	162	2
112	168	1
112	230	1
112	638	1
112	640	1
112	1177	1
112	2062	1
112	2298	1
112	2300	1
112	2381	1
112	2459	1
112	2627	1
112	2702	1
112	2755	1
119	217	1
119	508	2
119	1613	1
119	1726	1
119	2016	2
119	2283	1
119	2392	1
119	2468	4
119	2496	4
119	2524	1
119	2589	1
119	2594	1
119	2650	1
119	2781	1
119	2815	1
121	508	2
121	631	1
121	1974	1
121	2016	2
121	2052	1
121	2542	1
122	273	2
122	362	1
122	470	1
122	770	1
122	911	1
122	934	1
122	1060	1
122	1082	1
122	1252	1
122	1259	1
122	1269	2
122	1277	2
122	1348	2
122	1714	1
122	1797	1
122	2011	2
122	2016	1
122	2233	1
122	2234	1
122	2253	1
122	2332	1
122	2336	1
122	2338	2
122	2451	1
122	2468	8
122	2476	1
122	2587	1
122	2592	2
122	2696	2
126	362	2
126	456	1
126	871	1
126	2073	1
126	2233	1
126	2300	1
134	196	1
134	217	2
134	362	2
134	470	2
134	574	2
134	710	1
134	711	1
134	770	1
134	871	4
134	1060	3
134	1082	1
134	1111	2
134	1158	2
134	1195	3
134	1259	1
134	1348	1
134	1613	2
134	1989	2
134	2013	2
134	2134	2
134	2146	1
134	2182	1
134	2234	1
134	2237	2
134	2238	2
134	2295	2
134	2312	2
134	2313	1
134	2314	1
134	2321	2
134	2363	1
134	2527	1
134	2549	2
134	2561	2
134	2574	1
134	2576	1
134	2641	2
134	2671	2
134	2699	1
134	2705	1
134	2755	2
134	2761	4
143	290	1
143	770	1
143	790	1
143	1082	1
143	1259	1
143	1346	1
143	1348	1
143	2253	1
143	2295	1
143	2379	1
143	2449	1
143	2527	1
143	2561	1
143	2611	2
143	2655	1
143	2850	1
147	179	1
147	770	1
147	788	2
147	1688	1
147	1704	1
147	2329	2
147	2362	1
147	2400	1
147	2671	2
147	2875	1
161	164	1
161	239	1
161	312	2
161	331	1
161	539	1
161	542	1
161	578	1
161	648	2
161	732	1
161	770	3
161	785	5
161	871	1
161	1039	2
161	1040	2
161	1082	1
161	1187	1
161	1197	1
161	1220	1
161	1230	3
161	1253	1
161	1283	9
161	1294	13
161	1329	1
161	1460	1
161	1605	1
161	1654	1
161	1692	1
161	1797	1
161	1904	1
161	1959	1
161	2052	1
161	2248	1
161	2286	1
161	2299	2
161	2322	2
161	2332	3
161	2335	1
161	2336	1
161	2357	1
161	2393	1
161	2409	4
161	2410	1
161	2429	1
161	2471	1
161	2570	2
161	2571	1
161	2625	1
161	2645	1
161	2708	1
161	2719	1
161	2727	1
161	2735	1
161	2740	2
161	2875	1
162	1497	1
162	2481	1
164	539	1
164	648	1
164	1115	1
164	1260	1
164	2366	2
164	2735	1
165	478	1
165	2052	1
165	2136	1
165	2368	1
168	638	1
168	1505	1
168	2381	1
168	2627	1
168	2632	1
168	2637	1
178	273	1
178	362	5
178	455	1
178	470	1
178	770	3
178	911	6
178	950	2
178	1060	2
178	1082	2
178	1111	2
178	1230	3
178	1253	1
178	1269	2
178	1613	1
178	1704	1
178	1938	1
178	1948	1
178	1974	1
178	2048	1
178	2170	1
178	2233	3
178	2234	3
178	2269	1
178	2338	1
178	2341	1
178	2406	1
178	2468	3
178	2658	1
178	2724	1
178	2815	1
179	539	3
179	707	1
179	788	1
179	1704	2
179	2048	1
179	2295	1
179	2366	1
179	2400	1
179	2671	1
192	239	2
192	427	1
192	542	1
192	578	1
192	696	1
192	770	2
192	891	1
192	1187	1
192	1230	2
192	1260	1
192	1325	1
192	1379	1
192	1654	1
192	2025	1
192	2052	3
192	2248	1
192	2348	1
192	2361	1
192	2433	1
192	2507	1
192	2532	1
192	2570	1
192	2625	1
192	2875	1
196	347	1
196	711	2
196	1082	1
196	1195	1
196	1904	1
196	2527	1
196	2571	1
196	2574	1
196	2641	1
196	2658	1
201	1197	2
201	1949	1
201	2589	1
201	2696	6
201	2815	2
217	239	1
217	293	4
217	312	3
217	362	2
217	421	2
217	456	1
217	470	2
217	500	1
217	541	6
217	542	2
217	544	5
217	574	2
217	578	3
217	639	1
217	690	1
217	691	1
217	770	14
217	810	1
217	871	1
217	1060	2
217	1082	1
217	1111	3
217	1158	3
217	1195	2
217	1230	13
217	1252	4
217	1283	1
217	1292	1
217	1378	9
217	1379	26
217	1439	1
217	1453	1
217	1460	3
217	1597	1
217	1605	1
217	1613	10
217	1652	1
217	1688	2
217	1769	9
217	1792	2
217	1823	1
217	1881	1
217	1883	2
217	1905	4
217	1920	13
217	1974	3
217	1989	3
217	1992	1
217	2013	2
217	2043	1
217	2052	1
217	2061	1
217	2073	1
217	2084	6
217	2086	4
217	2089	7
217	2112	4
217	2134	2
217	2135	2
217	2152	1
217	2170	1
217	2182	1
217	2234	1
217	2237	2
217	2238	2
217	2247	2
217	2248	2
217	2274	1
217	2295	4
217	2297	2
217	2306	1
217	2312	3
217	2314	1
217	2321	2
217	2330	1
217	2332	2
217	2335	5
217	2350	1
217	2351	1
217	2352	2
217	2363	1
217	2366	2
217	2368	1
217	2381	1
217	2385	1
217	2400	1
217	2409	3
217	2418	1
217	2433	3
217	2451	2
217	2463	1
217	2465	1
217	2466	1
217	2477	1
217	2480	2
217	2485	2
217	2495	1
217	2496	6
217	2501	1
217	2502	1
217	2507	1
217	2514	1
217	2532	4
217	2534	1
217	2545	1
217	2549	2
217	2561	2
217	2610	2
217	2627	1
217	2637	2
217	2660	8
217	2671	2
217	2696	2
217	2708	26
217	2724	1
217	2755	2
217	2761	2
217	2834	1
217	2875	4
220	331	1
220	2299	1
230	2465	1
230	2502	1
230	2625	1
230	2637	1
230	2702	1
239	244	6
239	387	1
239	434	3
239	478	2
239	500	1
239	539	2
239	542	2
239	578	1
239	770	5
239	934	1
239	1031	1
239	1039	1
239	1040	1
239	1115	1
239	1230	2
239	1252	2
239	1260	1
239	1292	2
239	1294	1
239	1318	6
239	1329	1
239	1378	1
239	1379	2
239	1460	1
239	1505	1
239	1547	1
239	1570	1
239	1654	29
239	1692	1
239	1704	2
239	1715	8
239	1792	2
239	1797	1
239	1881	3
239	1992	1
239	2052	2
239	2286	1
239	2297	1
239	2335	4
239	2336	2
239	2337	1
239	2355	1
239	2362	1
239	2381	1
239	2396	1
239	2409	2
239	2418	2
239	2463	1
239	2465	1
239	2466	1
239	2496	2
239	2507	1
239	2514	1
239	2527	1
239	2532	4
239	2547	1
239	2549	1
239	2571	1
239	2575	2
239	2624	1
239	2625	2
239	2637	1
239	2646	1
239	2650	1
239	2696	1
239	2708	3
239	2724	4
239	2755	1
239	2802	1
239	2845	1
239	2875	1
244	387	1
244	434	1
244	539	2
244	1031	1
244	1115	1
244	1260	1
244	1570	1
244	1654	3
244	1715	2
244	2335	1
244	2409	1
244	2463	2
244	2496	2
244	2527	1
244	2627	1
244	2724	1
266	770	1
266	1138	1
266	1230	1
266	1523	1
266	1694	1
266	1974	1
266	2051	2
266	2052	2
266	2409	1
266	2471	1
266	2625	1
266	2637	2
266	2795	1
273	343	1
273	770	2
273	886	1
273	911	1
273	934	1
273	1060	1
273	1082	2
273	1144	1
273	1230	1
273	1252	1
273	1253	1
273	1259	3
273	1348	5
273	1462	1
273	1581	1
273	1704	1
273	1904	1
273	1938	1
273	1948	1
273	1974	1
273	2048	1
273	2134	1
273	2234	1
273	2253	1
273	2269	1
273	2276	1
273	2338	4
273	2341	2
273	2373	2
273	2399	1
273	2406	2
273	2458	1
273	2468	3
273	2527	1
273	2574	1
273	2587	1
273	2611	1
273	2658	1
273	2696	1
273	2724	1
273	2815	1
282	1082	2
282	1904	1
282	1916	1
282	2008	1
290	347	2
290	565	1
290	1082	2
290	1277	1
290	1379	2
290	1581	1
290	1687	1
290	1688	1
290	1974	1
290	2010	1
290	2011	1
290	2219	1
290	2253	2
290	2313	1
290	2379	3
290	2392	1
290	2534	1
290	2624	1
290	2735	1
293	541	3
293	542	1
293	544	3
293	1260	1
293	1379	4
293	1905	4
293	1974	1
293	2061	1
293	2084	1
293	2086	4
293	2089	5
293	2297	1
293	2532	2
293	2625	1
293	2660	2
293	2708	5
293	2724	1
296	1250	1
296	1566	1
296	2463	1
296	2525	1
300	1605	2
300	2534	3
300	2627	2
300	2632	1
300	2752	3
302	427	2
302	455	4
302	640	1
302	856	2
302	1070	6
302	1518	1
302	1605	3
302	1823	1
302	1974	1
302	1990	1
302	2051	1
302	2052	2
302	2069	1
302	2073	1
302	2297	1
302	2472	1
302	2611	1
302	2637	4
302	2660	2
302	2729	1
302	2795	1
305	688	1
305	696	1
305	1325	1
305	2090	1
305	2154	1
305	2294	6
305	2322	1
305	2345	1
305	2464	1
305	2507	1
305	2625	1
305	2875	1
309	657	2
309	716	2
309	1185	1
309	2523	1
312	331	1
312	785	1
312	1283	2
312	1294	2
312	1920	1
312	2295	1
312	2299	1
312	2332	1
312	2409	1
312	2532	1
312	2611	1
312	2708	1
312	2719	1
313	453	1
313	578	2
313	770	2
313	1067	1
313	1230	1
313	1429	1
313	1654	1
313	1771	2
313	1772	2
313	2287	1
313	2357	1
313	2494	1
313	2507	1
313	2702	1
325	1597	4
325	1599	4
325	2084	1
325	2611	1
331	785	1
331	1283	1
331	1294	2
331	2299	3
331	2332	1
331	2390	1
331	2708	1
331	2719	1
333	362	2
333	378	2
333	585	1
333	660	2
333	711	1
333	716	2
333	770	1
333	790	13
333	1030	3
333	1060	2
333	1093	1
333	1096	2
333	1111	1
333	1164	1
333	1185	2
333	1195	2
333	1230	1
333	1243	1
333	1259	1
333	1348	1
333	1613	3
333	1766	2
333	1776	2
333	1989	1
333	2055	1
333	2134	4
333	2233	1
333	2261	11
333	2277	3
333	2295	2
333	2338	1
333	2385	2
333	2391	2
333	2395	2
333	2435	1
333	2447	1
333	2454	1
333	2460	1
333	2491	1
333	2527	1
333	2538	3
333	2544	2
333	2654	2
333	2669	3
333	2699	1
333	2705	1
333	2771	1
343	478	1
343	541	1
343	542	1
343	544	1
343	688	1
343	782	3
343	886	1
343	1060	1
343	1082	1
343	1144	1
343	1253	1
343	1329	1
343	1462	1
343	1581	1
343	1605	1
343	1679	1
343	1916	1
343	1959	1
343	1974	2
343	1999	3
343	2112	3
343	2134	1
343	2276	1
343	2341	1
343	2355	1
343	2399	1
343	2406	1
343	2458	1
343	2525	2
343	2532	2
343	2574	1
343	2611	20
343	2816	2
343	2834	2
343	2879	1
343	2885	1
345	489	11
345	1197	2
345	1686	1
345	1949	1
345	2458	1
345	2542	1
345	2545	1
345	2639	3
345	2641	6
345	2696	3
345	2699	2
345	2815	1
347	710	1
347	729	1
347	886	1
347	1060	2
347	1082	5
347	1250	1
347	1277	1
347	1379	1
347	1439	1
347	1570	1
347	1904	4
347	1989	1
347	2253	3
347	2295	2
347	2313	1
347	2332	2
347	2379	1
347	2392	1
347	2408	1
347	2458	1
347	2523	1
347	2527	4
347	2588	1
347	2611	1
347	2639	2
347	2658	1
347	2696	1
347	2761	1
347	2771	2
347	2784	1
362	455	1
362	456	1
362	470	7
362	574	2
362	585	1
362	688	1
362	770	4
362	790	2
362	871	2
362	911	6
362	950	3
362	1060	6
362	1082	4
362	1111	7
362	1158	2
362	1195	4
362	1230	4
362	1243	1
362	1269	4
362	1613	4
362	1766	2
362	1776	1
362	1989	2
362	2013	2
362	2055	1
362	2084	1
362	2134	3
362	2170	1
362	2182	2
362	2233	10
362	2234	6
362	2235	1
362	2237	2
362	2238	2
362	2253	1
362	2261	2
362	2277	2
362	2295	3
362	2312	2
362	2314	1
362	2321	2
362	2363	1
362	2391	1
362	2395	2
362	2468	4
362	2476	1
362	2491	1
362	2507	1
362	2527	1
362	2544	1
362	2549	3
362	2561	2
362	2625	1
362	2654	2
362	2658	1
362	2669	2
362	2671	2
362	2705	1
362	2708	1
362	2755	3
362	2761	2
362	2771	1
362	2787	1
363	891	1
363	894	2
363	1082	1
363	1686	2
363	1808	2
363	2275	1
363	2283	1
363	2439	1
363	2534	1
363	2643	1
363	2815	1
378	657	7
378	716	2
378	790	3
378	854	13
378	1093	2
378	1096	1
378	1185	4
378	1230	1
378	1240	2
378	1439	1
378	1460	1
378	1613	8
378	1688	1
378	1766	3
378	1788	1
378	2134	13
378	2261	2
378	2263	3
378	2275	3
378	2306	2
378	2332	1
378	2336	1
378	2353	3
378	2385	1
378	2395	7
378	2454	1
378	2460	2
378	2491	3
378	2538	2
378	2544	1
378	2654	5
378	2658	1
378	2669	1
378	2674	4
387	539	2
387	790	1
387	1260	1
387	1715	1
387	2135	1
387	2507	1
387	2532	2
387	2795	1
402	770	1
402	1230	1
402	2052	1
402	2463	1
402	2471	1
402	2532	3
402	2637	1
408	817	1
408	1082	1
408	1904	1
408	2392	1
408	2408	3
421	541	1
421	544	1
421	661	1
421	1283	1
421	1379	4
421	1605	1
421	1974	2
421	2089	1
421	2112	2
421	2248	1
421	2335	1
421	2350	2
421	2351	3
421	2418	1
421	2420	1
421	2472	1
421	2532	1
421	2625	1
421	2707	1
421	2708	2
421	2724	1
421	2729	1
421	2810	1
425	427	2
425	1772	1
425	2885	1
427	455	1
427	456	1
427	478	1
427	770	1
427	856	7
427	1034	4
427	1070	3
427	1230	1
427	1379	1
427	1457	1
427	1613	2
427	1681	1
427	1736	1
427	1974	1
427	1992	1
427	2052	2
427	2069	7
427	2112	1
427	2312	1
427	2332	1
427	2418	3
427	2532	1
427	2637	1
427	2660	1
427	2875	2
434	696	1
434	770	1
434	1252	1
434	1654	2
434	1974	1
434	1992	1
434	2335	1
434	2390	1
434	2409	1
434	2463	1
434	2466	1
434	2496	3
434	2507	1
434	2724	2
434	2727	1
453	480	1
453	1067	1
453	2287	1
453	2335	1
453	2357	1
453	2507	1
453	2708	1
455	478	3
455	539	1
455	578	1
455	648	2
455	770	2
455	856	1
455	871	2
455	911	1
455	950	1
455	1070	4
455	1082	1
455	1111	1
455	1158	1
455	1230	2
455	1253	1
455	1379	1
455	1457	17
455	1460	3
455	1523	1
455	1772	1
455	1974	3
455	1990	1
455	2051	1
455	2052	3
455	2073	1
455	2112	1
455	2126	1
455	2253	2
455	2297	1
455	2306	1
455	2355	1
455	2462	1
455	2466	1
455	2471	1
455	2472	2
455	2477	1
455	2532	2
455	2534	2
455	2547	1
455	2574	1
455	2575	1
455	2735	1
455	2781	1
455	2784	1
455	2875	2
456	478	1
456	539	1
456	541	3
456	551	1
456	661	1
456	770	1
456	871	1
456	1252	1
456	1400	1
456	1406	1
456	1439	1
456	1453	1
456	1457	2
456	1460	1
456	1505	1
456	1681	1
456	2048	2
456	2052	2
456	2069	1
456	2073	1
456	2332	1
456	2336	1
456	2362	1
456	2534	2
456	2875	1
467	867	2
467	918	1
467	1250	2
467	1253	1
467	1659	1
467	1959	1
467	2253	1
467	2322	2
467	2388	1
467	2525	1
467	2543	1
467	2680	2
467	2681	1
467	2685	1
467	2690	3
469	1111	2
469	2518	1
469	2621	1
470	574	2
470	871	1
470	911	2
470	950	1
470	1060	3
470	1082	2
470	1111	3
470	1158	2
470	1195	3
470	1269	2
470	1613	3
470	1989	2
470	2013	2
470	2084	1
470	2134	2
470	2182	1
470	2233	2
470	2234	4
470	2237	2
470	2238	2
470	2253	1
470	2295	2
470	2312	2
470	2314	1
470	2321	2
470	2363	1
470	2468	2
470	2476	1
470	2527	1
470	2549	2
470	2561	2
470	2658	1
470	2671	2
470	2755	2
470	2761	2
470	2771	1
470	2787	1
478	500	1
478	541	1
478	578	1
478	732	1
478	770	2
478	788	1
478	856	1
478	1060	1
478	1082	2
478	1111	1
478	1143	1
478	1158	1
478	1230	2
478	1253	1
478	1439	1
478	1457	1
478	1605	2
478	1652	1
478	1654	1
478	1688	1
478	1715	1
478	1734	1
478	1797	1
478	1823	1
478	1920	1
478	1987	1
478	1988	1
478	2052	1
478	2069	1
478	2141	1
478	2253	1
478	2332	2
478	2336	1
478	2362	1
478	2368	1
478	2400	1
478	2477	1
478	2532	1
478	2534	1
478	2589	1
478	2611	1
478	2637	3
478	2696	1
480	648	1
480	1296	1
480	1497	1
480	2645	1
489	549	1
489	631	2
489	732	2
489	770	1
489	1060	1
489	1158	1
489	1197	3
489	1329	1
489	1686	2
489	1726	1
489	1989	1
489	2253	1
489	2328	1
489	2428	2
489	2458	1
489	2468	1
489	2496	1
489	2518	2
489	2534	1
489	2542	1
489	2545	1
489	2589	1
489	2639	3
489	2641	6
489	2696	2
489	2699	2
489	2815	1
489	2885	1
490	1146	1
490	2134	1
490	2392	1
490	2447	1
490	2637	1
494	732	1
494	770	1
494	918	1
494	1111	1
494	1230	1
494	1253	1
494	2253	1
494	2290	1
494	2326	1
494	2391	1
494	2418	1
494	2498	1
494	2525	1
494	2542	1
494	2690	1
500	770	1
500	1230	1
500	1250	2
500	1260	1
500	1378	5
500	1379	4
500	1518	1
500	1692	1
500	1715	1
500	1905	1
500	1917	1
500	2112	1
500	2381	1
500	2382	1
500	2482	1
500	2532	1
500	2534	1
500	2637	1
500	2680	2
500	2696	1
500	2752	1
508	631	2
508	1115	1
508	1197	1
508	1329	3
508	1554	1
508	1948	1
508	2016	3
508	2295	1
508	2468	3
508	2781	1
539	578	1
539	871	1
539	1040	1
539	1260	2
539	1294	1
539	1318	1
539	1457	1
539	1460	1
539	1547	1
539	1715	2
539	1797	1
539	2052	1
539	2247	1
539	2336	1
539	2366	1
539	2418	1
539	2495	1
539	2496	2
539	2532	2
539	2560	1
539	2740	1
541	542	10
541	544	24
541	551	8
541	639	1
541	661	1
541	788	1
541	1093	1
541	1131	1
541	1283	2
541	1292	1
541	1379	10
541	1421	2
541	1439	1
541	1460	1
541	1505	1
541	1523	1
541	1581	2
541	1769	1
541	1905	3
541	1912	1
541	1974	4
541	2052	2
541	2061	1
541	2084	1
541	2086	3
541	2088	1
541	2089	5
541	2112	2
541	2253	1
541	2269	1
541	2295	2
541	2297	1
541	2332	1
541	2335	2
541	2351	1
541	2362	1
541	2400	1
541	2429	1
541	2436	2
541	2461	2
541	2484	1
541	2507	3
541	2527	2
541	2532	4
541	2534	2
541	2548	1
541	2570	1
541	2575	1
541	2611	1
541	2637	3
541	2658	1
541	2660	2
541	2708	7
541	2724	3
541	2727	2
542	544	8
542	551	2
542	639	1
542	640	1
542	770	1
542	1039	1
542	1040	1
542	1093	1
542	1131	1
542	1230	1
542	1283	3
542	1292	1
542	1378	1
542	1379	3
542	1400	1
542	1406	1
542	1421	1
542	1460	1
542	1505	1
542	1532	1
542	1654	1
542	1769	1
542	1797	1
542	2052	1
542	2061	1
542	2084	1
542	2086	1
542	2089	2
542	2286	1
542	2295	1
542	2329	1
542	2336	1
542	2343	1
542	2418	2
542	2429	1
542	2436	1
542	2466	1
542	2484	1
542	2507	3
542	2509	1
542	2527	1
542	2532	2
542	2534	1
542	2611	1
542	2625	1
542	2637	3
542	2645	2
542	2646	1
542	2671	1
542	2708	2
542	2724	1
542	2727	1
542	2752	1
544	551	5
544	661	1
544	1093	1
544	1131	1
544	1283	2
544	1292	1
544	1379	8
544	1421	2
544	1460	1
544	1523	1
544	1581	2
544	1769	1
544	1905	3
544	1974	3
544	2061	1
544	2084	1
544	2086	2
544	2089	4
544	2112	2
544	2253	1
544	2269	1
544	2295	2
544	2297	1
544	2335	1
544	2351	1
544	2436	2
544	2461	2
544	2484	1
544	2507	1
544	2527	2
544	2532	3
544	2548	1
544	2611	1
544	2637	1
544	2658	1
544	2660	1
544	2708	6
544	2724	3
544	2727	1
549	1726	1
549	2433	1
549	2549	1
549	2755	1
551	661	1
551	1131	1
551	1283	1
551	1379	1
551	1581	2
551	1739	1
551	1769	1
551	1974	2
551	2112	1
551	2297	1
551	2335	1
551	2361	1
551	2366	1
551	2484	1
551	2548	1
551	2637	1
551	2724	1
551	2727	1
565	729	1
565	894	1
565	1082	1
565	1205	1
565	1259	1
565	1346	1
565	1379	1
565	1462	2
565	1581	1
565	1974	1
565	2253	1
565	2338	1
565	2392	1
565	2458	1
565	2582	1
565	2624	2
574	871	1
574	1060	2
574	1082	1
574	1111	2
574	1143	1
574	1144	1
574	1158	2
574	1195	3
574	1613	2
574	1989	2
574	2013	2
574	2134	2
574	2182	1
574	2234	1
574	2237	2
574	2238	2
574	2295	5
574	2312	2
574	2314	1
574	2321	2
574	2363	1
574	2532	1
574	2549	2
574	2561	2
574	2671	2
574	2690	1
574	2705	1
574	2735	1
574	2755	2
574	2761	3
578	640	1
578	696	3
578	732	1
578	770	5
578	790	1
578	871	1
578	1060	1
578	1082	1
578	1143	1
578	1182	1
578	1230	2
578	1252	3
578	1294	1
578	1400	1
578	1460	1
578	1606	1
578	1652	2
578	1654	1
578	1688	2
578	1715	1
578	1736	1
578	1797	1
578	1917	1
578	1920	1
578	1973	1
578	1974	1
578	1979	1
578	1987	1
578	1988	1
578	1990	1
578	1992	1
578	2011	1
578	2141	1
578	2261	1
578	2297	1
578	2298	1
578	2332	2
578	2335	1
578	2336	1
578	2355	1
578	2381	1
578	2390	1
578	2418	1
578	2464	1
578	2465	1
578	2472	2
578	2477	1
578	2507	1
578	2570	1
578	2575	1
578	2589	1
578	2596	1
578	2627	2
578	2646	1
578	2660	2
578	2670	1
578	2696	1
578	2707	2
578	2724	1
578	2729	1
578	2740	4
578	2784	2
578	2875	1
585	790	1
585	1111	1
585	1143	1
585	1243	1
585	1348	1
585	1766	1
585	2055	1
585	2099	1
585	2261	1
585	2277	1
585	2295	1
585	2338	1
585	2366	1
585	2395	1
585	2396	1
585	2399	1
585	2491	1
585	2654	2
585	2669	1
585	2705	1
585	2761	2
631	1060	1
631	1158	1
631	1277	2
631	1329	1
631	1989	1
631	2016	1
631	2253	1
631	2277	1
631	2283	1
631	2306	1
631	2468	3
631	2561	1
631	2589	1
631	2669	1
631	2690	1
631	2696	3
638	1040	1
638	1067	1
638	1429	1
638	2062	1
638	2300	2
638	2381	1
638	2494	1
638	2627	2
638	2810	1
639	1260	1
639	1400	1
639	1460	3
639	1518	1
639	2016	1
639	2048	2
639	2052	1
639	2073	2
639	2297	1
639	2328	2
639	2468	1
639	2471	1
639	2507	1
639	2522	1
639	2534	2
639	2547	1
639	2735	1
639	2875	2
640	770	2
640	1070	1
640	1177	2
640	1230	1
640	1252	1
640	1505	1
640	1532	3
640	1992	1
640	2051	1
640	2052	1
640	2073	3
640	2090	1
640	2247	1
640	2328	1
640	2409	1
640	2471	2
640	2507	2
640	2517	1
640	2577	2
640	2627	1
640	2646	1
640	2755	1
648	1187	1
648	1197	1
648	1230	1
648	1240	1
648	1243	1
648	1344	1
648	1457	1
648	1460	1
648	1688	1
648	2094	1
648	2248	1
648	2332	2
648	2353	1
648	2570	1
648	2571	1
648	2589	1
648	2592	1
648	2621	1
657	716	2
657	854	8
657	1060	2
657	1158	3
657	1185	2
657	1240	1
657	1348	1
657	1613	2
657	1688	1
657	1766	1
657	1788	1
657	1989	4
657	2134	4
657	2152	2
657	2263	1
657	2312	3
657	2353	1
657	2395	3
657	2454	1
657	2491	2
657	2527	1
657	2538	2
657	2641	1
657	2654	1
657	2658	1
658	770	1
658	908	1
658	1250	1
660	790	1
660	939	1
660	1164	1
660	1185	2
660	1613	1
660	2043	1
660	2134	1
660	2261	1
660	2277	1
660	2312	1
660	2385	1
660	2391	1
660	2395	1
660	2435	1
660	2460	1
660	2491	1
660	2658	1
660	2669	1
660	2674	1
660	2761	1
661	687	1
661	775	1
661	1040	1
661	1282	2
661	1379	1
661	1581	1
661	1973	1
661	1974	3
661	1989	1
661	2112	1
661	2160	1
661	2297	1
661	2311	1
661	2368	1
661	2523	1
661	2532	1
661	2548	1
661	2708	1
661	2724	3
661	2740	1
687	770	1
687	1230	1
687	1400	1
687	1532	1
687	2048	1
687	2247	1
687	2248	1
687	2463	1
687	2477	1
687	2570	1
688	950	1
688	2233	1
688	2294	1
688	2625	1
688	2708	1
690	691	4
690	770	1
690	1230	2
690	1378	1
690	1523	1
690	1605	2
690	1769	1
691	770	1
691	1031	1
691	1230	2
691	1378	1
691	1523	1
691	1605	2
691	1769	1
696	770	1
696	1230	1
696	1252	1
696	1260	2
696	1325	1
696	1400	1
696	1681	1
696	2011	2
696	2052	1
696	2062	1
696	2090	1
696	2154	1
696	2294	1
696	2345	1
696	2368	1
696	2390	2
696	2404	1
696	2472	1
696	2507	2
696	2514	2
696	2534	2
696	2570	1
696	2574	1
696	2625	1
696	2627	2
696	2752	1
696	2810	1
707	918	1
707	1111	1
707	1195	1
707	1688	1
707	2253	1
707	2276	1
707	2295	5
707	2328	1
707	2396	1
707	2690	1
707	2705	2
707	2761	4
710	711	2
710	775	1
710	854	1
710	1111	6
710	1195	3
710	1688	1
710	2146	1
710	2170	2
710	2174	1
710	2295	3
710	2307	1
710	2311	1
710	2377	1
710	2379	1
710	2396	2
710	2400	1
710	2440	1
710	2523	1
710	2611	1
710	2705	2
710	2784	1
710	2875	1
711	790	1
711	854	1
711	871	1
711	1060	1
711	1111	2
711	1195	2
711	1259	1
711	1348	1
711	1687	1
711	1688	2
711	1776	1
711	1788	1
711	1989	1
711	2174	1
711	2261	1
711	2295	1
711	2338	1
711	2379	1
711	2396	1
711	2447	1
711	2527	2
711	2547	1
711	2571	1
711	2699	1
711	2705	1
711	2771	1
716	770	1
716	790	2
716	854	1
716	1022	3
716	1030	5
716	1082	1
716	1091	1
716	1096	1
716	1192	1
716	1613	3
716	1766	2
716	2134	4
716	2261	2
716	2263	1
716	2278	3
716	2295	1
716	2353	1
716	2391	3
716	2395	1
716	2399	2
716	2460	1
716	2491	1
716	2527	2
716	2538	1
716	2654	1
716	2674	1
716	2850	1
718	1082	1
718	2182	1
718	2253	1
718	2449	1
718	2496	1
729	886	1
729	1060	1
729	1082	1
729	1205	1
729	1259	1
729	1278	4
729	1346	1
729	1439	1
729	1462	1
729	1509	3
729	1570	1
729	1605	1
729	1945	2
729	2253	1
729	2295	1
729	2311	1
729	2313	1
729	2332	1
729	2338	2
729	2373	1
729	2392	1
729	2447	1
729	2458	8
729	2527	1
729	2589	1
729	2696	1
729	2761	1
729	2771	1
732	770	2
732	918	1
732	1060	1
732	1082	2
732	1143	1
732	1197	2
732	1230	2
732	1253	1
732	1329	1
732	1400	4
732	1652	1
732	1686	1
732	1688	1
732	1726	1
732	1920	1
732	1987	1
732	1988	1
732	2141	1
732	2253	1
732	2299	1
732	2322	1
732	2328	2
732	2332	3
732	2393	1
732	2477	1
732	2542	7
732	2574	6
732	2589	2
732	2641	1
732	2690	1
732	2755	1
745	1082	8
745	2133	1
745	2385	1
745	2440	1
745	2502	1
745	2623	1
767	2592	1
767	2875	2
770	771	1
770	788	1
770	790	2
770	828	1
770	908	1
770	911	3
770	934	1
770	1039	1
770	1040	1
770	1060	4
770	1082	3
770	1111	8
770	1143	1
770	1195	2
770	1230	62
770	1252	31
770	1253	1
770	1269	2
770	1292	2
770	1348	1
770	1457	1
770	1460	3
770	1494	1
770	1505	1
770	1509	1
770	1523	2
770	1613	3
770	1652	2
770	1654	3
770	1687	1
770	1688	5
770	1704	1
770	1715	1
770	1734	2
770	1766	1
770	1769	3
770	1771	1
770	1772	1
770	1776	1
770	1792	3
770	1823	1
770	1881	3
770	1917	1
770	1920	4
770	1938	1
770	1945	1
770	1948	1
770	1974	1
770	1987	1
770	1988	1
770	1992	1
770	2024	1
770	2048	1
770	2051	1
770	2052	3
770	2068	1
770	2112	1
770	2134	2
770	2135	1
770	2141	1
770	2146	1
770	2170	2
770	2221	1
770	2233	4
770	2234	2
770	2235	1
770	2250	1
770	2253	1
770	2261	1
770	2269	2
770	2274	2
770	2276	1
770	2277	1
770	2295	2
770	2297	1
770	2299	1
770	2322	1
770	2332	6
770	2335	2
770	2336	1
770	2338	2
770	2341	1
770	2352	1
770	2368	1
770	2371	1
770	2381	3
770	2390	1
770	2391	1
770	2393	1
770	2395	2
770	2396	1
770	2406	1
770	2418	2
770	2429	1
770	2451	1
770	2454	1
770	2461	1
770	2465	1
770	2468	4
770	2471	4
770	2476	1
770	2477	1
770	2482	1
770	2491	1
770	2507	3
770	2523	1
770	2527	4
770	2532	5
770	2534	4
770	2544	1
770	2570	3
770	2571	1
770	2575	1
770	2588	2
770	2589	1
770	2611	3
770	2625	1
770	2637	4
770	2645	1
770	2654	1
770	2658	2
770	2669	1
770	2705	2
770	2708	3
770	2724	1
770	2752	1
770	2755	1
770	2761	1
770	2784	1
770	2815	1
770	2845	1
770	2850	1
770	2875	2
770	2885	1
771	1230	1
771	1250	1
771	1272	1
771	1605	2
771	1733	1
771	1792	1
771	1974	2
771	2570	1
771	2571	1
771	2705	1
775	1060	2
775	1082	1
775	1158	1
775	1197	1
775	1282	1
775	1348	1
775	1397	1
775	1462	1
775	1509	2
775	1557	1
775	1766	1
775	1945	2
775	1989	3
775	2295	1
775	2311	6
775	2368	1
775	2396	1
775	2472	1
775	2523	4
775	2543	1
775	2588	1
775	2589	1
775	2875	1
782	1999	9
782	2112	1
782	2255	1
782	2525	1
782	2611	6
782	2885	1
785	1283	4
785	1294	5
785	2248	1
785	2286	1
785	2299	1
785	2332	2
785	2335	1
785	2409	2
785	2708	1
785	2719	1
785	2740	1
788	1060	2
788	1158	2
788	1457	1
788	1547	1
788	1704	1
788	2048	1
788	2400	3
788	2532	2
788	2611	1
788	2639	2
788	2705	1
788	2761	1
788	2875	1
790	907	1
790	1030	2
790	1060	2
790	1082	2
790	1093	1
790	1096	2
790	1111	1
790	1185	2
790	1195	2
790	1230	1
790	1243	2
790	1259	1
790	1348	1
790	1605	1
790	1613	3
790	1766	2
790	1776	2
790	1904	1
790	1989	1
790	2043	2
790	2055	1
790	2134	5
790	2233	1
790	2261	22
790	2275	1
790	2277	3
790	2295	2
790	2312	2
790	2338	1
790	2353	1
790	2385	2
790	2391	2
790	2395	2
790	2399	1
790	2409	1
790	2435	1
790	2447	1
790	2454	1
790	2491	1
790	2507	1
790	2527	2
790	2532	1
790	2538	2
790	2544	2
790	2611	1
790	2654	2
790	2669	3
790	2699	1
790	2705	1
790	2771	1
790	2795	1
790	2850	1
790	2875	1
810	1460	1
810	1605	1
810	1734	1
810	1958	1
810	2335	1
810	2336	1
810	2451	1
810	2477	1
810	2575	1
810	2645	1
810	2660	1
810	2875	1
817	2408	2
817	2558	1
828	1230	2
828	2061	1
828	2204	1
828	2219	1
828	2221	4
854	1185	4
854	1240	2
854	1439	1
854	1613	6
854	1688	1
854	1766	3
854	1788	1
854	2134	11
854	2174	1
854	2263	2
854	2275	2
854	2306	1
854	2332	1
854	2353	3
854	2385	1
854	2395	8
854	2454	1
854	2460	2
854	2491	4
854	2538	2
854	2654	6
854	2658	1
854	2669	1
854	2674	5
856	1070	4
856	1460	1
856	1974	1
856	1979	1
856	2051	1
856	2052	2
856	2069	3
856	2418	2
856	2660	1
859	1195	1
859	1260	3
859	1974	1
859	2143	1
859	2329	1
859	2396	1
859	2507	3
859	2625	5
867	918	1
867	2680	8
871	1015	7
871	1060	1
871	1082	1
871	1111	1
871	1158	1
871	1195	1
871	1283	1
871	1294	1
871	1379	1
871	1400	1
871	1457	1
871	1460	2
871	1523	1
871	1570	1
871	1613	1
871	1772	1
871	1797	2
871	1904	1
871	1974	1
871	1989	1
871	2008	1
871	2013	1
871	2048	1
871	2134	1
871	2204	1
871	2237	1
871	2238	1
871	2248	1
871	2295	1
871	2312	1
871	2321	1
871	2336	2
871	2341	1
871	2388	1
871	2527	1
871	2549	1
871	2561	1
871	2627	1
871	2671	1
871	2740	1
871	2755	1
871	2761	2
871	2875	1
886	1060	2
886	1082	1
886	1144	1
886	1259	1
886	1348	1
886	1439	1
886	1462	1
886	1547	1
886	1570	1
886	1704	1
886	1989	1
886	2134	1
886	2253	1
886	2276	1
886	2295	1
886	2321	1
886	2332	1
886	2336	1
886	2341	1
886	2373	1
886	2379	1
886	2392	1
886	2399	1
886	2406	1
886	2458	2
886	2527	1
886	2574	1
886	2611	1
886	2641	1
886	2696	1
886	2761	1
886	2771	1
891	894	1
891	2660	1
894	2299	1
894	2429	1
894	2875	1
907	1406	1
907	2154	1
907	2371	1
907	2670	3
908	1230	1
908	1776	1
908	2274	1
908	2471	1
908	2555	1
911	950	2
911	1060	3
911	1082	3
911	1111	2
911	1230	3
911	1253	1
911	1269	3
911	1613	1
911	1704	1
911	1938	1
911	1948	1
911	1974	1
911	2048	1
911	2170	1
911	2182	1
911	2233	4
911	2234	5
911	2269	1
911	2338	1
911	2341	1
911	2406	1
911	2468	4
911	2476	1
911	2658	1
911	2724	1
911	2815	1
918	1082	1
918	1253	1
918	1397	1
918	1462	1
918	1505	1
918	2295	1
918	2328	1
918	2332	1
918	2542	1
918	2680	6
918	2681	1
918	2690	4
918	2761	1
934	1252	1
934	1348	1
934	1654	1
934	2253	2
934	2338	1
934	2458	1
934	2468	1
934	2514	1
934	2518	1
934	2532	1
934	2624	1
934	2708	1
939	1111	1
939	2134	1
939	2290	1
939	2349	6
939	2395	1
939	2674	1
950	1613	1
950	2233	2
950	2234	1
950	2237	3
950	2238	2
950	2625	1
950	2708	1
1010	2099	1
1010	2290	1
1010	2322	1
1015	1283	1
1015	1379	1
1015	1797	1
1015	1974	1
1015	2336	1
1015	2388	1
1015	2875	1
1022	1030	2
1022	1096	1
1022	1192	1
1022	1613	1
1022	1766	1
1022	2134	2
1022	2263	1
1022	2278	2
1022	2391	1
1022	2399	2
1022	2408	1
1022	2491	1
1022	2850	1
1024	1736	1
1024	1974	1
1024	1990	1
1024	2055	1
1024	2418	4
1024	2484	1
1030	1192	1
1030	1613	1
1030	1766	1
1030	2134	3
1030	2261	2
1030	2277	1
1030	2278	6
1030	2297	1
1030	2391	1
1030	2399	2
1030	2538	2
1030	2669	1
1030	2850	1
1030	2885	2
1031	1974	1
1031	2336	1
1031	2466	1
1031	2496	1
1031	2625	1
1034	1613	2
1034	2069	1
1034	2312	1
1034	2338	1
1034	2532	1
1034	2637	1
1034	2875	1
1039	1040	10
1039	1220	1
1039	1230	1
1039	1439	1
1039	1505	1
1039	1654	1
1039	1739	1
1039	2332	1
1039	2381	1
1039	2418	1
1039	2429	1
1039	2496	1
1039	2532	1
1039	2570	1
1040	1067	3
1040	1220	1
1040	1230	1
1040	1429	1
1040	1439	1
1040	1505	1
1040	1654	1
1040	1734	1
1040	1739	1
1040	1823	1
1040	1974	1
1040	1983	1
1040	2084	1
1040	2160	1
1040	2274	1
1040	2275	1
1040	2332	2
1040	2341	1
1040	2345	1
1040	2355	1
1040	2381	1
1040	2418	1
1040	2429	1
1040	2468	1
1040	2494	1
1040	2496	1
1040	2527	1
1040	2532	1
1040	2570	3
1040	2571	1
1040	2637	2
1040	2724	1
1040	2735	1
1040	2740	1
1040	2777	1
1060	1061	6
1060	1082	13
1060	1111	6
1060	1143	1
1060	1144	1
1060	1158	34
1060	1187	2
1060	1192	4
1060	1195	4
1060	1230	4
1060	1259	9
1060	1260	1
1060	1269	3
1060	1329	1
1060	1348	12
1060	1397	1
1060	1439	1
1060	1462	1
1060	1570	2
1060	1613	3
1060	1630	1
1060	1652	1
1060	1688	1
1060	1714	1
1060	1766	8
1060	1776	2
1060	1779	1
1060	1797	1
1060	1904	1
1060	1920	2
1060	1987	7
1060	1988	8
1060	1989	24
1060	2010	1
1060	2011	2
1060	2013	8
1060	2134	7
1060	2141	1
1060	2152	4
1060	2182	1
1060	2221	1
1060	2233	4
1060	2234	2
1060	2237	2
1060	2238	2
1060	2250	1
1060	2253	5
1060	2261	2
1060	2269	1
1060	2276	1
1060	2277	1
1060	2295	7
1060	2311	2
1060	2312	3
1060	2313	2
1060	2314	1
1060	2321	2
1060	2332	2
1060	2336	1
1060	2338	6
1060	2341	1
1060	2353	2
1060	2363	1
1060	2373	2
1060	2379	1
1060	2391	1
1060	2392	1
1060	2393	2
1060	2395	1
1060	2399	1
1060	2406	1
1060	2439	1
1060	2447	1
1060	2458	2
1060	2468	3
1060	2476	1
1060	2477	1
1060	2496	3
1060	2518	1
1060	2523	3
1060	2527	15
1060	2542	1
1060	2544	1
1060	2549	2
1060	2561	2
1060	2574	1
1060	2576	2
1060	2589	1
1060	2607	1
1060	2611	1
1060	2641	2
1060	2654	1
1060	2669	1
1060	2671	2
1060	2696	2
1060	2699	15
1060	2705	1
1060	2735	1
1060	2755	2
1060	2761	4
1060	2771	2
1060	2787	1
1060	2875	1
1060	2901	4
1061	1158	1
1061	1989	1
1061	2013	1
1061	2496	3
1067	1177	1
1067	1429	1
1067	1518	1
1067	2287	1
1067	2357	1
1067	2381	2
1067	2494	1
1067	2501	1
1067	2507	1
1067	2702	1
1070	1974	1
1070	2051	2
1070	2052	4
1070	2069	1
1070	2073	1
1070	2297	1
1070	2400	1
1070	2472	1
1070	2660	1
1070	2735	1
1082	1111	6
1082	1143	1
1082	1144	1
1082	1158	1
1082	1195	1
1082	1196	3
1082	1197	2
1082	1205	1
1082	1230	3
1082	1259	6
1082	1269	3
1082	1277	1
1082	1324	1
1082	1329	1
1082	1346	1
1082	1348	6
1082	1379	1
1082	1397	6
1082	1421	1
1082	1439	1
1082	1462	2
1082	1505	1
1082	1554	1
1082	1570	6
1082	1613	1
1082	1652	1
1082	1687	2
1082	1688	3
1082	1726	1
1082	1766	3
1082	1808	1
1082	1854	1
1082	1904	26
1082	1916	1
1082	1920	2
1082	1948	1
1082	1983	1
1082	1987	1
1082	1988	1
1082	1989	2
1082	2008	6
1082	2013	1
1082	2016	1
1082	2052	1
1082	2133	1
1082	2134	2
1082	2141	1
1082	2182	2
1082	2219	1
1082	2233	3
1082	2234	2
1082	2237	1
1082	2238	1
1082	2253	9
1082	2261	2
1082	2275	1
1082	2276	2
1082	2295	3
1082	2306	1
1082	2307	3
1082	2312	1
1082	2313	1
1082	2314	1
1082	2321	3
1082	2322	2
1082	2329	3
1082	2332	4
1082	2338	4
1082	2341	1
1082	2363	1
1082	2373	3
1082	2379	5
1082	2385	2
1082	2388	1
1082	2396	2
1082	2399	3
1082	2406	1
1082	2408	2
1082	2439	1
1082	2440	1
1082	2449	2
1082	2458	6
1082	2468	4
1082	2476	1
1082	2477	1
1082	2502	1
1082	2523	1
1082	2527	27
1082	2528	1
1082	2534	1
1082	2542	1
1082	2543	2
1082	2549	1
1082	2555	1
1082	2561	2
1082	2574	2
1082	2575	1
1082	2587	1
1082	2588	4
1082	2589	2
1082	2611	1
1082	2623	1
1082	2624	1
1082	2641	2
1082	2658	1
1082	2671	1
1082	2680	1
1082	2696	1
1082	2699	1
1082	2735	2
1082	2755	1
1082	2761	1
1082	2771	4
1082	2787	1
1082	2875	1
1091	2391	4
1093	1096	1
1093	1379	1
1093	1613	1
1093	2134	1
1093	2295	1
1093	2395	1
1093	2436	1
1093	2527	1
1093	2532	1
1093	2538	1
1093	2544	1
1093	2724	1
1096	1613	3
1096	2134	4
1096	2306	1
1096	2538	1
1096	2544	1
1111	1143	2
1111	1158	3
1111	1164	1
1111	1185	1
1111	1195	20
1111	1196	3
1111	1230	8
1111	1259	2
1111	1269	3
1111	1348	2
1111	1439	1
1111	1505	1
1111	1613	5
1111	1747	1
1111	1766	1
1111	1771	1
1111	1772	1
1111	1776	1
1111	1792	1
1111	1912	1
1111	1920	1
1111	1989	2
1111	2013	2
1111	2073	1
1111	2084	1
1111	2126	1
1111	2134	4
1111	2146	1
1111	2182	1
1111	2233	5
1111	2234	2
1111	2235	1
1111	2237	2
1111	2238	2
1111	2253	12
1111	2261	1
1111	2276	2
1111	2277	1
1111	2295	9
1111	2307	1
1111	2312	2
1111	2313	1
1111	2314	1
1111	2321	2
1111	2332	9
1111	2336	1
1111	2338	1
1111	2349	1
1111	2355	1
1111	2363	1
1111	2366	1
1111	2391	2
1111	2395	1
1111	2396	5
1111	2435	2
1111	2440	1
1111	2449	1
1111	2468	3
1111	2471	1
1111	2482	1
1111	2518	1
1111	2527	4
1111	2544	1
1111	2549	2
1111	2561	2
1111	2575	1
1111	2611	1
1111	2637	1
1111	2654	1
1111	2658	1
1111	2669	1
1111	2671	2
1111	2705	7
1111	2755	2
1111	2761	4
1111	2787	1
1111	2875	1
1111	2901	1
1115	1197	1
1115	1570	1
1115	1654	1
1115	2468	1
1115	2527	1
1115	2589	1
1115	2819	1
1131	1283	1
1131	1792	1
1131	1974	1
1131	2090	1
1131	2112	1
1131	2298	1
1131	2335	7
1131	2409	1
1131	2484	2
1131	2496	1
1131	2729	6
1138	2357	1
1138	2429	1
1138	2570	1
1138	2735	2
1138	2752	1
1143	1144	6
1143	1195	3
1143	1196	1
1143	1230	1
1143	1462	1
1143	1652	3
1143	1662	2
1143	1687	3
1143	1688	5
1143	1766	1
1143	1808	1
1143	1920	1
1143	1987	1
1143	1988	1
1143	2048	1
1143	2073	1
1143	2099	2
1143	2141	1
1143	2276	4
1143	2295	4
1143	2396	5
1143	2405	1
1143	2431	1
1143	2477	1
1143	2527	2
1143	2534	1
1143	2582	1
1143	2589	1
1143	2705	5
1143	2735	1
1143	2761	4
1144	1195	1
1144	1196	1
1144	1462	1
1144	1652	1
1144	1687	2
1144	1688	2
1144	1808	1
1144	2099	1
1144	2134	1
1144	2276	3
1144	2295	4
1144	2341	1
1144	2396	2
1144	2399	1
1144	2406	1
1144	2458	1
1144	2534	1
1144	2574	1
1144	2611	1
1144	2705	2
1144	2735	1
1144	2752	1
1146	1613	1
1146	1688	1
1146	1766	1
1146	1788	1
1146	2134	1
1146	2381	1
1146	2391	1
1158	1187	2
1158	1195	2
1158	1348	1
1158	1613	2
1158	1779	1
1158	1792	1
1158	1797	1
1158	1987	1
1158	1988	1
1158	1989	18
1158	2013	9
1158	2134	2
1158	2152	5
1158	2182	1
1158	2234	1
1158	2237	2
1158	2238	2
1158	2253	4
1158	2295	2
1158	2311	1
1158	2312	3
1158	2314	1
1158	2321	2
1158	2335	1
1158	2336	1
1158	2363	1
1158	2393	2
1158	2496	1
1158	2523	1
1158	2527	3
1158	2549	2
1158	2561	2
1158	2576	2
1158	2641	1
1158	2671	2
1158	2699	6
1158	2755	2
1158	2761	3
1158	2875	1
1158	2901	4
1164	1185	10
1164	2275	1
1164	2295	2
1164	2385	1
1164	2460	1
1164	2471	1
1164	2491	2
1164	2544	1
1164	2875	1
1177	1294	1
1177	1938	1
1177	2051	1
1177	2052	1
1177	2381	2
1177	2447	1
1177	2449	1
1177	2459	2
1177	2702	2
1182	1736	1
1182	2345	3
1182	2410	1
1182	2418	2
1182	2420	2
1182	2463	1
1185	1243	1
1185	1439	1
1185	1613	3
1185	1766	4
1185	2043	1
1185	2134	5
1185	2261	2
1185	2263	1
1185	2275	2
1185	2277	1
1185	2295	2
1185	2330	1
1185	2332	1
1185	2385	3
1185	2391	1
1185	2395	3
1185	2435	1
1185	2460	1
1185	2471	1
1185	2491	3
1185	2507	1
1185	2544	1
1185	2654	1
1185	2658	1
1185	2669	1
1185	2674	2
1185	2875	1
1187	1988	1
1187	1989	1
1187	2152	1
1187	2699	1
1187	2901	1
1192	1259	1
1192	1348	1
1192	1766	4
1192	2134	3
1192	2253	1
1192	2278	1
1192	2338	1
1192	2353	1
1192	2391	1
1192	2399	1
1192	2527	1
1192	2699	2
1192	2787	1
1192	2850	1
1195	1196	1
1195	1230	2
1195	1259	1
1195	1269	1
1195	1282	1
1195	1348	1
1195	1613	5
1195	1687	1
1195	1688	3
1195	1766	1
1195	1776	2
1195	1983	1
1195	1989	3
1195	2013	2
1195	2084	1
1195	2088	1
1195	2099	1
1195	2134	3
1195	2174	1
1195	2182	1
1195	2233	1
1195	2234	1
1195	2237	2
1195	2238	2
1195	2253	1
1195	2261	2
1195	2274	1
1195	2276	1
1195	2277	1
1195	2295	12
1195	2307	1
1195	2312	2
1195	2314	1
1195	2321	2
1195	2335	1
1195	2338	2
1195	2363	2
1195	2385	1
1195	2391	1
1195	2395	1
1195	2396	5
1195	2435	2
1195	2440	1
1195	2447	1
1195	2449	1
1195	2468	1
1195	2523	1
1195	2527	3
1195	2532	4
1195	2544	1
1195	2549	2
1195	2561	2
1195	2574	1
1195	2625	1
1195	2641	1
1195	2654	1
1195	2658	1
1195	2669	1
1195	2671	2
1195	2699	1
1195	2705	2
1195	2735	1
1195	2755	2
1195	2761	6
1195	2771	1
1195	2787	1
1195	2901	1
1196	2080	1
1196	2276	2
1196	2396	2
1197	1240	1
1197	1243	1
1197	1348	1
1197	1397	1
1197	1400	1
1197	1686	1
1197	1688	1
1197	1766	1
1197	1769	1
1197	1772	1
1197	1949	2
1197	1983	1
1197	2051	1
1197	2052	2
1197	2094	1
1197	2141	1
1197	2253	1
1197	2295	1
1197	2332	1
1197	2343	1
1197	2353	1
1197	2377	1
1197	2396	1
1197	2468	1
1197	2471	1
1197	2477	1
1197	2499	1
1197	2504	2
1197	2542	1
1197	2543	3
1197	2545	1
1197	2588	1
1197	2589	8
1197	2592	1
1197	2594	1
1197	2621	1
1197	2637	1
1197	2639	2
1197	2641	4
1197	2696	8
1197	2699	2
1197	2815	1
1197	2875	2
1205	1259	1
1205	1346	1
1205	1462	1
1205	2338	1
1205	2458	5
1205	2561	2
1206	1853	1
1206	1971	1
1206	2561	1
1220	1439	1
1220	1505	1
1220	1734	1
1220	2332	1
1220	2523	1
1220	2549	1
1220	2596	1
1220	2625	1
1220	2761	1
1230	1252	2
1230	1253	1
1230	1260	1
1230	1269	2
1230	1344	1
1230	1378	1
1230	1379	1
1230	1457	1
1230	1460	5
1230	1494	1
1230	1505	1
1230	1523	4
1230	1613	2
1230	1652	2
1230	1654	1
1230	1688	3
1230	1704	1
1230	1715	1
1230	1734	1
1230	1766	1
1230	1769	5
1230	1771	1
1230	1772	1
1230	1776	1
1230	1792	1
1230	1920	5
1230	1938	1
1230	1948	1
1230	1974	1
1230	1987	1
1230	1988	1
1230	1990	1
1230	2024	1
1230	2048	1
1230	2051	1
1230	2052	3
1230	2061	1
1230	2112	1
1230	2134	2
1230	2135	1
1230	2141	1
1230	2204	1
1230	2219	1
1230	2221	2
1230	2233	4
1230	2234	2
1230	2235	1
1230	2261	1
1230	2269	2
1230	2274	1
1230	2276	1
1230	2277	1
1230	2295	2
1230	2297	1
1230	2299	1
1230	2322	1
1230	2328	1
1230	2332	2
1230	2336	2
1230	2338	1
1230	2341	1
1230	2368	1
1230	2381	1
1230	2391	1
1230	2393	1
1230	2395	1
1230	2396	1
1230	2406	1
1230	2418	1
1230	2451	1
1230	2461	1
1230	2462	1
1230	2468	3
1230	2471	4
1230	2477	1
1230	2482	1
1230	2491	1
1230	2507	2
1230	2532	2
1230	2534	2
1230	2544	1
1230	2570	5
1230	2571	3
1230	2574	1
1230	2589	1
1230	2611	1
1230	2625	1
1230	2637	3
1230	2654	1
1230	2658	2
1230	2669	1
1230	2705	1
1230	2708	1
1230	2724	1
1230	2755	1
1230	2815	1
1230	2845	1
1236	2527	1
1236	2543	1
1240	1243	1
1240	1373	1
1240	1613	1
1240	1688	1
1240	2094	1
1240	2134	1
1240	2332	1
1240	2353	2
1240	2491	1
1240	2589	1
1240	2592	1
1240	2621	1
1240	2654	2
1243	1570	1
1243	1688	2
1243	1766	1
1243	1776	1
1243	2043	1
1243	2055	1
1243	2094	1
1243	2134	1
1243	2261	1
1243	2277	1
1243	2278	1
1243	2332	1
1243	2353	1
1243	2395	1
1243	2491	1
1243	2527	1
1243	2589	1
1243	2592	1
1243	2621	1
1243	2654	1
1243	2669	1
1243	2670	1
1250	1421	1
1250	1772	1
1250	2253	1
1250	2322	1
1250	2326	1
1250	2439	1
1250	2507	1
1250	2525	1
1250	2611	1
1250	2639	1
1250	2643	1
1250	2680	2
1250	2681	2
1250	2685	1
1252	1292	2
1252	1296	1
1252	1348	1
1252	1654	1
1252	1688	1
1252	1792	1
1252	1881	3
1252	1917	1
1252	1992	1
1252	2253	1
1252	2332	2
1252	2335	1
1252	2338	1
1252	2350	1
1252	2381	2
1252	2390	1
1252	2429	1
1252	2465	1
1252	2468	1
1252	2507	1
1252	2527	2
1252	2532	4
1252	2534	3
1252	2575	1
1252	2611	1
1252	2708	2
1252	2875	2
1253	1272	2
1253	1379	1
1253	1679	1
1253	1704	1
1253	1733	2
1253	1938	1
1253	1948	1
1253	1959	9
1253	1974	2
1253	2048	1
1253	2112	2
1253	2234	1
1253	2269	1
1253	2322	1
1253	2338	1
1253	2341	1
1253	2406	1
1253	2468	1
1253	2472	1
1253	2525	1
1253	2532	1
1253	2542	1
1253	2611	3
1253	2639	2
1253	2658	1
1253	2690	1
1253	2724	1
1253	2815	1
1259	1260	1
1259	1346	1
1259	1348	19
1259	1462	1
1259	1570	1
1259	1687	1
1259	1688	1
1259	1766	1
1259	1776	1
1259	1904	1
1259	1989	1
1259	2253	2
1259	2261	1
1259	2295	1
1259	2313	2
1259	2329	1
1259	2338	10
1259	2373	3
1259	2379	2
1259	2388	1
1259	2440	1
1259	2447	1
1259	2449	1
1259	2458	1
1259	2468	1
1259	2527	7
1259	2561	1
1259	2587	1
1259	2641	2
1259	2696	3
1259	2699	2
1259	2705	1
1259	2771	1
1259	2787	1
1260	1325	1
1260	1348	1
1260	1378	1
1260	1518	1
1260	1532	1
1260	1692	6
1260	1715	1
1260	1905	1
1260	2086	1
1260	2088	1
1260	2089	1
1260	2160	1
1260	2297	1
1260	2298	1
1260	2322	1
1260	2343	1
1260	2381	1
1260	2433	1
1260	2456	1
1260	2463	1
1260	2471	1
1260	2485	1
1260	2507	5
1260	2534	1
1260	2547	1
1260	2625	6
1260	2696	1
1260	2708	1
1260	2735	2
1260	2802	1
1269	2011	1
1269	2084	1
1269	2233	3
1269	2234	1
1269	2253	1
1269	2468	5
1269	2476	1
1269	2592	1
1269	2658	1
1269	2696	1
1269	2787	1
1272	1733	7
1272	1792	1
1272	1959	2
1272	2112	1
1272	2298	1
1272	2299	1
1272	2409	1
1272	2410	2
1272	2525	1
1272	2702	1
1274	2885	1
1277	1283	1
1277	1379	1
1277	1974	1
1277	2016	1
1277	2253	1
1277	2379	1
1277	2468	5
1277	2589	1
1277	2696	3
1277	2724	1
1278	2447	1
1278	2458	2
1278	2589	1
1282	1453	1
1282	1973	1
1282	1974	1
1282	1989	1
1282	2311	1
1282	2332	2
1282	2335	1
1282	2363	3
1282	2368	1
1282	2523	1
1283	1294	9
1283	1379	2
1283	1605	1
1283	1974	3
1283	2089	1
1283	2112	1
1283	2299	1
1283	2329	1
1283	2332	1
1283	2335	1
1283	2351	1
1283	2409	2
1283	2410	2
1283	2468	2
1283	2484	1
1283	2507	1
1283	2571	1
1283	2589	2
1283	2696	2
1283	2708	2
1283	2719	1
1283	2724	2
1292	1532	1
1292	1605	1
1292	1654	1
1292	1792	1
1292	1881	2
1292	2073	1
1292	2329	1
1292	2335	1
1292	2440	1
1292	2463	1
1292	2532	1
1292	2561	1
1292	2632	1
1292	2708	2
1294	1329	1
1294	1460	1
1294	1605	1
1294	1654	1
1294	1692	1
1294	1797	1
1294	2248	1
1294	2286	1
1294	2299	1
1294	2332	1
1294	2335	1
1294	2336	1
1294	2409	4
1294	2410	1
1294	2495	1
1294	2571	1
1294	2708	1
1294	2719	1
1294	2727	1
1294	2740	2
1294	2766	1
1296	1704	1
1296	1974	1
1296	2084	1
1296	2357	1
1296	2456	1
1296	2632	2
1296	2702	1
1296	2707	1
1318	1379	1
1318	1654	2
1318	1715	2
1318	2418	1
1318	2496	1
1318	2547	1
1318	2646	1
1318	2724	1
1324	2523	3
1324	2645	2
1325	1605	1
1325	2025	1
1325	2090	2
1325	2154	1
1325	2248	1
1325	2294	1
1325	2345	1
1325	2381	1
1325	2423	1
1325	2570	2
1325	2625	1
1325	2875	1
1329	1554	3
1329	1654	1
1329	1692	1
1329	1726	2
1329	1948	2
1329	2016	3
1329	2295	1
1329	2409	1
1329	2468	5
1329	2611	1
1329	2641	2
1329	2681	1
1329	2755	1
1329	2885	1
1344	1439	1
1344	2332	1
1344	2507	1
1344	2570	1
1344	2571	1
1344	2611	1
1344	2637	1
1344	2735	1
1346	1462	1
1346	2338	2
1346	2449	2
1346	2458	1
1346	2611	1
1348	1397	1
1348	1570	1
1348	1766	3
1348	1776	1
1348	1904	1
1348	1989	2
1348	2099	1
1348	2152	1
1348	2253	4
1348	2261	1
1348	2295	3
1348	2313	2
1348	2329	1
1348	2332	1
1348	2338	11
1348	2373	4
1348	2377	1
1348	2379	2
1348	2388	1
1348	2396	1
1348	2439	1
1348	2447	1
1348	2449	1
1348	2468	2
1348	2527	10
1348	2543	1
1348	2587	1
1348	2588	1
1348	2589	1
1348	2641	3
1348	2696	3
1348	2699	2
1348	2705	2
1348	2771	1
1348	2787	1
1348	2875	2
1355	1686	1
1355	2008	1
1355	2504	1
1355	2542	1
1355	2588	1
1355	2641	2
1355	2696	1
1373	1583	1
1378	1379	12
1378	1523	1
1378	1654	1
1378	1692	1
1378	1769	1
1378	1797	1
1378	1974	1
1378	2052	1
1378	2089	1
1378	2112	2
1378	2136	1
1378	2328	1
1378	2335	1
1378	2336	1
1378	2381	1
1378	2418	1
1378	2420	1
1378	2485	2
1378	2495	1
1378	2507	1
1378	2532	1
1378	2534	1
1378	2627	1
1378	2696	1
1378	2708	6
1378	2724	2
1378	2729	1
1378	2781	1
1378	2875	1
1379	1453	1
1379	1518	1
1379	1523	2
1379	1581	1
1379	1605	1
1379	1654	1
1379	1769	1
1379	1792	1
1379	1797	2
1379	1905	3
1379	1917	1
1379	1959	1
1379	1974	11
1379	1992	4
1379	2061	1
1379	2084	1
1379	2086	3
1379	2089	6
1379	2112	8
1379	2135	1
1379	2136	1
1379	2170	1
1379	2248	2
1379	2253	2
1379	2269	1
1379	2295	2
1379	2328	1
1379	2332	1
1379	2335	3
1379	2336	2
1379	2350	1
1379	2351	1
1379	2361	1
1379	2366	2
1379	2379	1
1379	2409	1
1379	2410	1
1379	2418	2
1379	2420	2
1379	2433	1
1379	2436	2
1379	2472	1
1379	2477	1
1379	2485	3
1379	2495	1
1379	2507	1
1379	2514	1
1379	2527	2
1379	2532	6
1379	2534	1
1379	2570	1
1379	2624	1
1379	2625	1
1379	2646	1
1379	2658	1
1379	2660	6
1379	2696	1
1379	2707	1
1379	2708	26
1379	2724	7
1379	2781	1
1379	2875	6
1397	1505	1
1397	1570	2
1397	1766	1
1397	1904	4
1397	2008	1
1397	2011	1
1397	2295	1
1397	2332	1
1397	2396	1
1397	2518	1
1397	2527	4
1397	2543	1
1397	2588	1
1397	2589	1
1397	2680	1
1397	2875	1
1400	1406	7
1400	1460	1
1400	1548	1
1400	1654	1
1400	1772	1
1400	2048	14
1400	2051	1
1400	2052	1
1400	2073	1
1400	2094	1
1400	2253	1
1400	2321	1
1400	2328	1
1400	2332	3
1400	2355	1
1400	2463	5
1400	2472	1
1400	2542	1
1400	2568	1
1400	2574	4
1400	2639	1
1406	1548	1
1406	1654	1
1406	2048	1
1406	2073	1
1406	2154	1
1406	2253	1
1406	2321	1
1406	2355	1
1406	2670	1
1421	2418	1
1421	2469	1
1421	2637	1
1421	2735	1
1429	1771	1
1429	2494	7
1439	1570	1
1439	1613	1
1439	1694	1
1439	1766	1
1439	1920	1
1439	2052	1
1439	2134	1
1439	2253	1
1439	2275	1
1439	2295	1
1439	2332	14
1439	2335	1
1439	2362	1
1439	2385	1
1439	2392	1
1439	2395	1
1439	2458	1
1439	2477	1
1439	2507	1
1439	2527	1
1439	2534	1
1439	2568	1
1439	2575	1
1439	2596	1
1439	2637	2
1439	2654	1
1439	2674	1
1439	2696	1
1439	2735	1
1439	2761	1
1439	2771	1
1453	1457	1
1453	1460	2
1453	1681	1
1453	2174	1
1453	2332	1
1453	2363	1
1453	2879	1
1457	1460	1
1457	1681	1
1457	2052	1
1457	2069	1
1457	2126	1
1457	2351	1
1457	2461	1
1457	2466	1
1457	2477	1
1457	2532	3
1457	2534	1
1457	2645	1
1457	2735	1
1460	1494	1
1460	1523	1
1460	1613	1
1460	1654	1
1460	1739	1
1460	1772	2
1460	1797	1
1460	1920	1
1460	1958	1
1460	1974	1
1460	1979	1
1460	1990	1
1460	1992	1
1460	2048	2
1460	2073	2
1460	2170	2
1460	2336	2
1460	2355	1
1460	2368	1
1460	2436	2
1460	2451	1
1460	2462	1
1460	2472	1
1460	2561	1
1460	2574	1
1460	2637	2
1460	2660	2
1460	2669	1
1460	2740	1
1460	2875	3
1462	1509	1
1462	1945	1
1462	2089	1
1462	2134	1
1462	2276	1
1462	2338	1
1462	2341	1
1462	2379	1
1462	2392	1
1462	2399	1
1462	2405	1
1462	2406	1
1462	2458	3
1462	2527	1
1462	2574	1
1462	2582	1
1462	2611	1
1462	2624	1
1462	2680	1
1494	1505	1
1494	2350	1
1497	1920	1
1497	2084	2
1497	2456	1
1497	2481	1
1497	2534	1
1505	1654	1
1505	1734	1
1505	2024	1
1505	2052	1
1505	2253	1
1505	2332	1
1505	2335	1
1505	2338	1
1505	2418	2
1505	2471	2
1505	2472	1
1505	2547	1
1505	2574	1
1505	2632	1
1505	2645	1
1505	2680	1
1505	2761	1
1505	2845	1
1509	1557	1
1509	1605	1
1509	1657	1
1509	1945	12
1509	2311	1
1509	2332	1
1509	2447	2
1509	2458	6
1509	2472	2
1509	2523	4
1518	1605	1
1518	1905	1
1518	1990	1
1518	2062	1
1518	2090	1
1518	2381	1
1518	2382	1
1518	2471	1
1518	2482	1
1518	2497	1
1518	2501	1
1518	2547	1
1518	2558	1
1518	2702	1
1518	2735	1
1518	2752	1
1523	1990	1
1523	2051	1
1523	2052	1
1523	2269	1
1523	2295	1
1523	2436	1
1523	2462	1
1523	2471	1
1523	2507	1
1523	2527	1
1523	2532	1
1523	2574	1
1523	2637	1
1523	2658	1
1523	2724	1
1532	1605	1
1532	1692	1
1532	1974	1
1532	2052	1
1532	2433	1
1532	2561	1
1532	2646	1
1532	2735	1
1547	1548	1
1547	1715	1
1547	2112	1
1547	2336	1
1547	2390	1
1547	2549	1
1547	2625	1
1547	2702	1
1548	2355	1
1554	1904	1
1554	1948	1
1554	2016	1
1554	2458	1
1554	2468	4
1557	1945	1
1557	2311	1
1557	2381	1
1557	2472	1
1557	2523	5
1566	2525	5
1566	2690	1
1570	1654	1
1570	1688	1
1570	1714	2
1570	1776	1
1570	1904	4
1570	2008	4
1570	2134	2
1570	2253	1
1570	2295	1
1570	2321	1
1570	2332	1
1570	2373	1
1570	2392	1
1570	2440	1
1570	2458	1
1570	2468	1
1570	2527	20
1570	2543	1
1570	2588	2
1570	2696	1
1570	2761	1
1570	2771	4
1581	1736	1
1581	1769	1
1581	1959	1
1581	1974	8
1581	2052	2
1581	2112	2
1581	2143	1
1581	2253	1
1581	2297	1
1581	2329	1
1581	2336	1
1581	2548	1
1581	2575	1
1581	2611	1
1581	2624	1
1581	2724	1
1597	1599	5
1597	1613	2
1597	2532	1
1597	2625	1
1605	1734	1
1605	1945	1
1605	1974	3
1605	1990	5
1605	1992	1
1605	2073	1
1605	2112	1
1605	2248	1
1605	2277	1
1605	2311	1
1605	2312	2
1605	2328	2
1605	2335	1
1605	2336	1
1605	2337	1
1605	2345	1
1605	2350	1
1605	2368	1
1605	2390	1
1605	2423	1
1605	2451	1
1605	2463	2
1605	2465	1
1605	2477	1
1605	2485	1
1605	2527	1
1605	2532	1
1605	2534	2
1605	2571	1
1605	2575	1
1605	2611	1
1605	2625	2
1605	2627	2
1605	2645	1
1605	2669	1
1605	2671	1
1605	2752	2
1605	2816	1
1605	2875	2
1605	2879	1
1613	1766	6
1613	1769	1
1613	1776	1
1613	1920	2
1613	1989	2
1613	2013	2
1613	2134	12
1613	2182	1
1613	2233	2
1613	2234	2
1613	2237	2
1613	2238	2
1613	2261	2
1613	2263	3
1613	2275	2
1613	2277	2
1613	2295	3
1613	2300	1
1613	2306	1
1613	2312	3
1613	2314	1
1613	2321	2
1613	2332	1
1613	2335	1
1613	2352	1
1613	2353	3
1613	2363	1
1613	2368	1
1613	2371	1
1613	2381	1
1613	2385	2
1613	2391	4
1613	2395	7
1613	2435	7
1613	2451	1
1613	2454	1
1613	2460	2
1613	2468	1
1613	2491	4
1613	2496	4
1613	2527	1
1613	2532	1
1613	2538	1
1613	2544	2
1613	2549	2
1613	2561	2
1613	2610	2
1613	2637	1
1613	2645	1
1613	2654	6
1613	2669	3
1613	2671	2
1613	2674	3
1613	2705	1
1613	2755	2
1613	2761	2
1613	2875	2
1630	2221	1
1652	1687	4
1652	1688	8
1652	1769	1
1652	1920	1
1652	1987	1
1652	1988	1
1652	2084	2
1652	2141	1
1652	2276	1
1652	2371	1
1652	2396	1
1652	2477	1
1652	2589	1
1652	2705	1
1654	1692	1
1654	1704	1
1654	1715	6
1654	1792	1
1654	1797	1
1654	1881	2
1654	1992	1
1654	2052	1
1654	2286	1
1654	2335	3
1654	2336	2
1654	2337	1
1654	2355	1
1654	2362	1
1654	2381	1
1654	2396	1
1654	2409	2
1654	2418	1
1654	2463	2
1654	2465	1
1654	2466	1
1654	2496	1
1654	2507	1
1654	2514	1
1654	2527	1
1654	2532	3
1654	2571	1
1654	2575	2
1654	2624	1
1654	2627	1
1654	2696	1
1654	2708	2
1654	2724	3
1654	2755	1
1654	2802	1
1654	2875	1
1657	2073	1
1657	2625	1
1657	2645	1
1659	2233	1
1659	2253	1
1659	2322	1
1659	2328	1
1659	2527	2
1659	2543	2
1659	2587	1
1662	1808	1
1662	2295	3
1662	2705	1
1670	2361	1
1679	1916	1
1679	1959	1
1679	2322	1
1679	2472	2
1679	2611	3
1681	2069	1
1681	2174	1
1681	2368	1
1681	2514	1
1681	2752	1
1686	2154	1
1686	2440	1
1686	2504	1
1686	2542	6
1686	2592	2
1686	2639	1
1686	2641	1
1686	2696	2
1686	2699	1
1687	1688	19
1687	1766	1
1687	2084	2
1687	2099	1
1687	2135	1
1687	2219	1
1687	2274	1
1687	2276	2
1687	2306	1
1687	2338	1
1687	2371	1
1687	2379	1
1687	2396	2
1687	2534	1
1687	2705	1
1687	2735	1
1688	1766	4
1688	1769	1
1688	1776	1
1688	1788	6
1688	1920	2
1688	1987	1
1688	1988	1
1688	2084	3
1688	2094	1
1688	2099	2
1688	2134	2
1688	2135	1
1688	2141	1
1688	2219	1
1688	2253	1
1688	2274	1
1688	2276	2
1688	2277	1
1688	2295	4
1688	2306	1
1688	2332	2
1688	2338	1
1688	2353	1
1688	2371	1
1688	2379	1
1688	2396	3
1688	2409	1
1688	2454	1
1688	2477	1
1688	2491	1
1688	2527	4
1688	2534	1
1688	2589	2
1688	2592	1
1688	2621	1
1688	2625	1
1688	2669	1
1688	2705	2
1688	2735	1
1688	2761	1
1688	2771	2
1688	2875	1
1692	2409	1
1692	2433	1
1692	2463	1
1692	2485	1
1694	2328	1
1694	2332	2
1694	2334	1
1694	2335	2
1694	2484	1
1694	2534	1
1694	2637	3
1694	2729	1
1694	2735	1
1694	2740	1
1704	1938	1
1704	1948	1
1704	1974	1
1704	1989	1
1704	2048	1
1704	2234	1
1704	2269	1
1704	2297	1
1704	2329	2
1704	2336	1
1704	2338	1
1704	2341	1
1704	2396	1
1704	2406	1
1704	2468	1
1704	2658	1
1704	2724	1
1704	2815	1
1714	1987	1
1714	2011	4
1714	2468	1
1714	2527	3
1714	2543	1
1714	2592	1
1714	2771	1
1715	2355	1
1715	2463	1
1715	2465	1
1715	2549	1
1715	2627	1
1715	2637	1
1715	2724	1
1715	2875	1
1726	2016	1
1726	2135	1
1726	2328	1
1726	2329	1
1726	2336	1
1726	2641	1
1726	2875	1
1733	1792	1
1733	1959	2
1733	2112	1
1733	2298	1
1733	2299	1
1733	2409	1
1733	2410	2
1733	2525	1
1733	2702	1
1734	2297	1
1734	2332	2
1734	2335	1
1734	2336	1
1734	2368	1
1734	2381	1
1734	2451	1
1734	2477	1
1734	2570	2
1734	2571	1
1734	2575	1
1734	2645	1
1734	2761	1
1736	1990	1
1736	2055	1
1736	2069	1
1736	2418	4
1739	2361	1
1739	2366	2
1739	2381	1
1739	2472	1
1739	2637	2
1739	2795	1
1747	2253	1
1747	2379	1
1747	2449	1
1747	2480	1
1747	2574	1
1747	2875	1
1754	2234	1
1754	2307	5
1754	2802	1
1766	1773	1
1766	1776	1
1766	1788	2
1766	2055	1
1766	2133	1
1766	2134	8
1766	2233	1
1766	2253	2
1766	2261	2
1766	2263	2
1766	2269	1
1766	2275	2
1766	2277	2
1766	2278	1
1766	2295	3
1766	2306	4
1766	2332	2
1766	2338	1
1766	2353	3
1766	2371	2
1766	2373	1
1766	2379	1
1766	2385	2
1766	2391	2
1766	2395	4
1766	2396	1
1766	2399	1
1766	2431	2
1766	2491	1
1766	2527	3
1766	2543	1
1766	2544	2
1766	2555	3
1766	2588	1
1766	2589	1
1766	2641	1
1766	2654	4
1766	2658	2
1766	2669	2
1766	2674	2
1766	2699	3
1766	2705	2
1766	2787	1
1766	2850	2
1766	2875	1
1769	1920	6
1769	1974	1
1769	2073	1
1769	2084	3
1769	2286	1
1769	2297	1
1769	2330	1
1769	2332	1
1769	2335	1
1769	2351	1
1769	2392	1
1769	2418	1
1769	2458	1
1769	2466	2
1769	2477	1
1769	2480	1
1769	2527	1
1769	2542	1
1769	2589	1
1769	2596	1
1769	2637	3
1769	2708	1
1769	2740	1
1771	1772	3
1771	1792	1
1771	2290	1
1771	2336	1
1771	2341	1
1771	2471	1
1771	2482	1
1771	2494	1
1771	2702	1
1771	2885	1
1772	1792	1
1772	1974	1
1772	1979	1
1772	1990	1
1772	2051	1
1772	2052	1
1772	2290	1
1772	2336	1
1772	2418	1
1772	2471	1
1772	2482	2
1772	2534	1
1772	2637	2
1772	2645	1
1772	2702	1
1772	2885	1
1773	2385	1
1773	2621	1
1773	2850	1
1776	1989	1
1776	2134	2
1776	2233	1
1776	2261	2
1776	2277	1
1776	2295	2
1776	2306	1
1776	2338	1
1776	2391	1
1776	2395	1
1776	2447	1
1776	2527	2
1776	2544	1
1776	2555	3
1776	2654	1
1776	2669	1
1776	2699	1
1776	2705	1
1776	2771	1
1779	2393	5
1779	2901	1
1788	2295	3
1788	2454	1
1788	2705	1
1792	1881	1
1792	1973	2
1792	1989	1
1792	2152	1
1792	2335	14
1792	2336	1
1792	2368	1
1792	2471	1
1792	2482	1
1792	2708	1
1792	2729	6
1797	1912	1
1797	1974	1
1797	1989	1
1797	2332	2
1797	2336	6
1797	2451	1
1797	2468	1
1797	2532	1
1797	2575	1
1797	2576	1
1797	2696	1
1797	2724	1
1797	2740	1
1797	2875	1
1808	2275	1
1808	2385	1
1823	1989	1
1823	2084	1
1823	2322	1
1823	2345	1
1823	2368	1
1823	2496	1
1823	2570	1
1823	2637	11
1823	2727	1
1853	1971	1
1853	2369	1
1853	2527	1
1853	2561	2
1853	2588	1
1853	2641	1
1854	2561	9
1874	2048	1
1874	2277	1
1874	2669	1
1874	2816	1
1881	2297	1
1881	2335	1
1881	2532	1
1881	2708	2
1881	2802	1
1883	2351	1
1883	2875	1
1904	1916	1
1904	1948	1
1904	1989	1
1904	2008	3
1904	2016	1
1904	2052	1
1904	2253	1
1904	2261	1
1904	2307	2
1904	2313	1
1904	2322	1
1904	2332	1
1904	2338	2
1904	2373	1
1904	2399	1
1904	2408	1
1904	2468	1
1904	2523	1
1904	2527	14
1904	2528	1
1904	2641	1
1904	2658	1
1904	2771	2
1904	2787	1
1905	1974	1
1905	2086	5
1905	2089	7
1905	2297	1
1905	2381	1
1905	2382	1
1905	2461	1
1905	2482	1
1905	2532	2
1905	2534	1
1905	2625	1
1905	2660	2
1905	2708	5
1905	2719	1
1905	2724	1
1905	2752	2
1905	2802	1
1912	2295	1
1912	2332	2
1912	2575	6
1912	2637	1
1916	2574	3
1916	2611	1
1917	2332	1
1917	2465	1
1920	1987	1
1920	1988	1
1920	2084	7
1920	2141	1
1920	2295	4
1920	2297	1
1920	2330	1
1920	2332	6
1920	2335	1
1920	2368	1
1920	2409	2
1920	2451	1
1920	2477	1
1920	2480	1
1920	2496	1
1920	2502	1
1920	2532	2
1920	2542	1
1920	2589	1
1920	2702	2
1920	2735	2
1920	2761	2
1920	2875	1
1933	2253	2
1933	2449	1
1938	1948	1
1938	1974	1
1938	2048	1
1938	2080	1
1938	2234	1
1938	2253	1
1938	2269	1
1938	2313	1
1938	2338	1
1938	2341	1
1938	2406	1
1938	2447	1
1938	2449	1
1938	2468	1
1938	2574	1
1938	2658	1
1938	2724	1
1938	2815	1
1945	2311	2
1945	2447	1
1945	2458	3
1945	2472	1
1945	2523	2
1948	1949	1
1948	1974	1
1948	2016	2
1948	2048	1
1948	2234	1
1948	2269	1
1948	2295	1
1948	2338	1
1948	2341	1
1948	2406	1
1948	2468	3
1948	2658	1
1948	2724	1
1948	2815	1
1949	2641	2
1949	2696	5
1958	2477	1
1958	2660	1
1958	2875	1
1959	1974	2
1959	1992	1
1959	2112	2
1959	2322	1
1959	2472	1
1959	2525	1
1959	2611	3
1959	2639	1
1973	1974	2
1973	1979	1
1973	1990	1
1973	2335	2
1973	2464	1
1973	2660	1
1973	2729	2
1974	1979	3
1974	1990	1
1974	1992	3
1974	2048	2
1974	2051	4
1974	2052	14
1974	2073	1
1974	2084	2
1974	2086	1
1974	2089	2
1974	2112	7
1974	2143	5
1974	2160	1
1974	2234	1
1974	2253	1
1974	2269	1
1974	2295	1
1974	2297	2
1974	2322	1
1974	2328	8
1974	2329	11
1974	2332	3
1974	2335	3
1974	2336	2
1974	2337	1
1974	2338	1
1974	2341	1
1974	2350	1
1974	2351	1
1974	2355	1
1974	2381	1
1974	2406	1
1974	2410	1
1974	2418	4
1974	2420	1
1974	2464	1
1974	2468	3
1974	2471	1
1974	2472	1
1974	2495	1
1974	2496	2
1974	2532	1
1974	2547	1
1974	2548	1
1974	2555	1
1974	2575	1
1974	2589	2
1974	2611	2
1974	2624	1
1974	2625	2
1974	2632	2
1974	2658	1
1974	2660	2
1974	2669	1
1974	2696	2
1974	2702	1
1974	2707	1
1974	2708	3
1974	2724	15
1974	2727	1
1974	2729	1
1974	2740	1
1974	2752	1
1974	2795	1
1974	2815	1
1974	2875	4
1979	1990	9
1979	2464	1
1979	2627	1
1979	2660	1
1983	2341	1
1983	2543	1
1987	1988	5
1987	1989	3
1987	2013	1
1987	2141	1
1987	2449	1
1987	2477	1
1987	2589	1
1987	2699	1
1988	1989	1
1988	2141	1
1988	2477	1
1988	2589	1
1988	2699	1
1988	2901	1
1989	2013	4
1989	2134	2
1989	2152	4
1989	2182	1
1989	2234	1
1989	2237	2
1989	2238	2
1989	2253	2
1989	2261	1
1989	2295	3
1989	2311	3
1989	2312	4
1989	2314	1
1989	2321	2
1989	2335	1
1989	2336	2
1989	2338	1
1989	2363	2
1989	2368	1
1989	2393	1
1989	2447	1
1989	2523	5
1989	2527	6
1989	2549	2
1989	2561	2
1989	2576	2
1989	2637	1
1989	2641	1
1989	2671	2
1989	2699	7
1989	2755	2
1989	2761	2
1989	2771	1
1989	2901	1
1990	2055	1
1990	2330	1
1990	2332	1
1990	2418	1
1990	2462	1
1990	2463	1
1990	2464	2
1990	2532	1
1990	2568	1
1990	2574	1
1990	2625	1
1990	2627	1
1990	2660	1
1990	2671	1
1990	2802	1
1990	2879	1
1992	2112	3
1992	2332	1
1992	2465	6
1992	2466	1
1992	2708	2
1992	2875	2
1999	2112	1
1999	2255	1
1999	2525	1
1999	2611	6
1999	2885	1
2008	2458	1
2008	2527	6
2008	2588	5
2008	2641	1
2008	2771	1
2010	2011	3
2010	2250	1
2010	2313	1
2010	2392	1
2010	2607	1
2011	2062	1
2011	2068	1
2011	2250	1
2011	2313	1
2011	2321	1
2011	2392	1
2011	2447	1
2011	2468	2
2011	2514	1
2011	2518	1
2011	2534	2
2011	2592	2
2011	2607	1
2011	2696	1
2011	2740	1
2011	2810	1
2013	2134	2
2013	2152	1
2013	2182	1
2013	2234	1
2013	2237	2
2013	2238	2
2013	2295	2
2013	2312	2
2013	2314	1
2013	2321	2
2013	2363	1
2013	2393	1
2013	2449	1
2013	2496	1
2013	2549	2
2013	2561	2
2013	2671	2
2013	2699	2
2013	2755	2
2013	2761	2
2016	2154	1
2016	2253	1
2016	2297	1
2016	2328	1
2016	2468	5
2016	2522	1
2016	2532	1
2024	2471	5
2024	2845	1
2025	2248	1
2025	2570	1
2043	2134	1
2043	2261	1
2043	2507	1
2043	2669	1
2048	2073	3
2048	2094	1
2048	2234	1
2048	2269	1
2048	2321	1
2048	2335	1
2048	2338	1
2048	2341	1
2048	2400	2
2048	2406	1
2048	2463	3
2048	2468	1
2048	2471	1
2048	2532	1
2048	2568	1
2048	2650	1
2048	2658	1
2048	2696	1
2048	2724	1
2048	2815	1
2048	2875	1
2051	2052	17
2051	2328	1
2051	2329	4
2051	2471	1
2051	2495	1
2051	2637	1
2051	2724	1
2052	2112	1
2052	2143	3
2052	2204	1
2052	2297	1
2052	2322	1
2052	2328	5
2052	2329	8
2052	2332	3
2052	2362	1
2052	2390	1
2052	2461	1
2052	2471	2
2052	2472	1
2052	2494	1
2052	2495	1
2052	2532	3
2052	2534	3
2052	2570	1
2052	2575	2
2052	2589	1
2052	2625	1
2052	2637	1
2052	2645	1
2052	2708	1
2052	2724	2
2052	2875	1
2055	2261	1
2055	2277	1
2055	2355	1
2055	2395	1
2055	2418	1
2055	2491	1
2055	2654	1
2055	2669	1
2061	2084	1
2061	2086	1
2061	2089	1
2061	2204	1
2061	2219	1
2061	2221	1
2061	2471	1
2061	2514	1
2061	2625	1
2061	2708	1
2062	2090	1
2062	2496	1
2062	2514	1
2062	2522	1
2062	2534	1
2062	2558	1
2062	2777	1
2062	2810	1
2068	2126	1
2068	2575	1
2068	2810	1
2068	2885	1
2069	2418	1
2069	2660	1
2073	2247	1
2073	2332	2
2073	2418	1
2073	2451	1
2073	2472	2
2073	2534	1
2073	2560	1
2073	2875	1
2080	2253	1
2083	2409	1
2083	2458	1
2083	2766	1
2084	2086	1
2084	2088	1
2084	2089	1
2084	2090	1
2084	2141	1
2084	2253	1
2084	2297	1
2084	2298	1
2084	2329	1
2084	2330	1
2084	2332	1
2084	2336	1
2084	2345	1
2084	2409	2
2084	2468	1
2084	2477	1
2084	2480	1
2084	2495	1
2084	2496	1
2084	2502	1
2084	2522	1
2084	2532	1
2084	2534	1
2084	2545	1
2084	2570	1
2084	2575	1
2084	2611	1
2084	2627	1
2084	2632	1
2084	2637	1
2084	2645	1
2084	2658	1
2084	2705	1
2084	2708	1
2084	2735	2
2084	2787	1
2084	2875	2
2086	2088	1
2086	2089	7
2086	2286	1
2086	2297	1
2086	2328	1
2086	2507	1
2086	2532	1
2086	2534	1
2086	2625	1
2086	2660	1
2086	2708	5
2086	2719	1
2086	2724	1
2088	2089	1
2088	2248	1
2088	2409	2
2089	2112	1
2089	2297	1
2089	2335	1
2089	2351	1
2089	2458	1
2089	2532	2
2089	2534	1
2089	2625	1
2089	2660	2
2089	2708	8
2089	2719	1
2089	2724	1
2090	2112	1
2090	2154	1
2090	2248	1
2090	2294	1
2090	2335	1
2090	2345	1
2090	2350	1
2090	2409	3
2090	2547	1
2090	2558	1
2090	2570	1
2090	2575	1
2090	2625	1
2093	2204	1
2093	2248	1
2093	2345	1
2093	2517	2
2093	2532	2
2093	2719	1
2094	2332	1
2094	2353	1
2094	2463	1
2094	2589	1
2094	2592	1
2094	2621	1
2099	2253	1
2099	2276	1
2099	2295	1
2099	2338	1
2099	2379	1
2099	2396	2
2099	2409	1
2099	2471	1
2099	2534	1
2099	2620	1
2099	2705	3
2099	2735	1
2112	2143	1
2112	2248	1
2112	2255	2
2112	2297	1
2112	2332	1
2112	2335	1
2112	2336	1
2112	2351	1
2112	2390	1
2112	2409	1
2112	2464	10
2112	2507	2
2112	2525	1
2112	2548	1
2112	2611	8
2112	2625	1
2112	2708	2
2112	2724	1
2112	2834	2
2112	2875	2
2112	2885	10
2126	2250	1
2126	2885	1
2133	2385	1
2133	2488	1
2133	2544	1
2133	2623	1
2133	2655	1
2134	2182	1
2134	2233	1
2134	2234	1
2134	2237	2
2134	2238	2
2134	2261	3
2134	2263	3
2134	2275	2
2134	2276	1
2134	2277	1
2134	2278	3
2134	2295	3
2134	2306	2
2134	2312	2
2134	2314	1
2134	2321	2
2134	2332	1
2134	2341	1
2134	2353	4
2134	2363	1
2134	2385	1
2134	2391	2
2134	2395	9
2134	2399	3
2134	2406	1
2134	2454	1
2134	2458	1
2134	2460	2
2134	2491	3
2134	2507	1
2134	2527	5
2134	2538	1
2134	2544	2
2134	2549	2
2134	2561	2
2134	2574	2
2134	2611	1
2134	2654	6
2134	2658	1
2134	2669	2
2134	2671	3
2134	2674	6
2134	2699	1
2134	2705	1
2134	2755	2
2134	2761	2
2134	2771	1
2134	2850	1
2135	2274	1
2135	2328	1
2135	2329	1
2135	2336	1
2135	2708	1
2135	2875	1
2136	2160	1
2136	2485	1
2136	2781	1
2141	2357	1
2141	2477	7
2141	2589	1
2141	2705	1
2143	2328	2
2143	2329	4
2143	2625	1
2146	2611	1
2152	2335	1
2152	2527	1
2152	2641	1
2152	2699	2
2152	2901	1
2154	2294	1
2154	2345	1
2154	2532	1
2154	2592	1
2154	2625	1
2154	2670	1
2160	2390	1
2160	2502	1
2160	2532	1
2160	2534	1
2160	2548	1
2160	2724	1
2160	2740	1
2160	2802	1
2170	2234	1
2170	2237	1
2170	2436	2
2170	2471	1
2170	2514	1
2170	2561	1
2170	2669	1
2170	2708	1
2174	2219	1
2174	2235	1
2182	2233	1
2182	2234	2
2182	2237	1
2182	2238	1
2182	2253	1
2182	2295	1
2182	2312	1
2182	2314	1
2182	2321	1
2182	2363	1
2182	2449	1
2182	2549	1
2182	2561	1
2182	2671	1
2182	2755	1
2182	2761	1
2204	2219	1
2204	2221	2
2204	2345	1
2204	2433	1
2204	2465	1
2219	2221	1
2219	2379	1
2219	2534	1
2219	2735	1
2221	2433	2
2233	2234	3
2233	2235	2
2233	2237	1
2233	2261	1
2233	2277	1
2233	2295	1
2233	2332	1
2233	2348	1
2233	2391	1
2233	2395	1
2233	2468	3
2233	2476	1
2233	2544	1
2233	2625	1
2233	2654	1
2233	2669	1
2233	2705	1
2233	2708	1
2234	2235	1
2234	2237	1
2234	2238	1
2234	2269	1
2234	2295	1
2234	2307	1
2234	2312	2
2234	2314	1
2234	2321	1
2234	2338	1
2234	2341	1
2234	2363	1
2234	2406	2
2234	2468	2
2234	2476	2
2234	2549	1
2234	2561	1
2234	2627	1
2234	2658	1
2234	2671	1
2234	2724	1
2234	2755	1
2234	2761	1
2234	2815	1
2235	2237	1
2237	2238	6
2237	2295	2
2237	2312	2
2237	2314	1
2237	2321	2
2237	2363	1
2237	2549	2
2237	2561	2
2237	2671	2
2237	2755	2
2237	2761	2
2238	2295	2
2238	2312	2
2238	2314	1
2238	2321	2
2238	2363	1
2238	2549	2
2238	2561	2
2238	2671	2
2238	2755	2
2238	2761	2
2247	2335	1
2247	2336	1
2247	2409	2
2247	2423	1
2247	2433	1
2247	2451	1
2247	2477	2
2247	2495	1
2247	2627	1
2248	2286	1
2248	2314	3
2248	2335	1
2248	2409	3
2248	2481	1
2248	2570	1
2248	2611	1
2248	2627	1
2248	2708	1
2248	2740	1
2248	2875	1
2250	2607	1
2253	2255	2
2253	2295	3
2253	2306	1
2253	2307	5
2253	2322	1
2253	2332	1
2253	2335	1
2253	2338	3
2253	2373	1
2253	2377	2
2253	2379	2
2253	2391	1
2253	2392	1
2253	2405	1
2253	2406	1
2253	2409	1
2253	2440	1
2253	2447	1
2253	2449	6
2253	2458	2
2253	2461	1
2253	2468	2
2253	2504	1
2253	2523	1
2253	2527	4
2253	2543	7
2253	2574	2
2253	2576	1
2253	2587	1
2253	2611	2
2253	2624	1
2253	2625	1
2253	2658	2
2253	2685	1
2253	2696	1
2253	2699	1
2253	2761	3
2253	2771	1
2253	2787	5
2253	2875	2
2255	2543	1
2255	2611	4
2255	2885	2
2261	2275	1
2261	2277	3
2261	2295	2
2261	2338	1
2261	2385	2
2261	2391	2
2261	2395	2
2261	2399	1
2261	2409	1
2261	2435	1
2261	2447	1
2261	2454	1
2261	2491	1
2261	2507	1
2261	2527	1
2261	2538	1
2261	2544	1
2261	2654	2
2261	2669	3
2261	2699	1
2261	2705	1
2261	2771	1
2263	2275	1
2263	2395	1
2263	2408	1
2263	2491	2
2263	2654	1
2263	2674	2
2269	2295	1
2269	2312	2
2269	2338	1
2269	2341	1
2269	2353	1
2269	2366	1
2269	2406	1
2269	2436	1
2269	2461	1
2269	2468	1
2269	2527	1
2269	2532	1
2269	2625	1
2269	2658	4
2269	2724	2
2269	2815	1
2274	2275	1
2274	2295	1
2274	2433	1
2274	2532	1
2274	2534	1
2274	2777	1
2275	2312	1
2275	2332	1
2275	2385	4
2275	2395	1
2275	2544	1
2275	2547	1
2275	2654	3
2275	2674	3
2275	2777	1
2276	2295	5
2276	2341	1
2276	2396	16
2276	2399	1
2276	2406	1
2276	2458	1
2276	2534	1
2276	2574	1
2276	2611	1
2276	2620	1
2276	2705	5
2276	2735	1
2277	2295	1
2277	2306	1
2277	2385	1
2277	2391	2
2277	2395	2
2277	2435	1
2277	2491	1
2277	2544	1
2277	2654	3
2277	2669	15
2277	2680	1
2277	2705	1
2278	2391	1
2278	2399	2
2278	2850	1
2278	2885	1
2283	2468	1
2283	2534	1
2283	2815	1
2286	2287	1
2286	2297	1
2286	2335	1
2286	2382	1
2286	2409	1
2286	2466	1
2286	2469	1
2286	2507	1
2286	2542	1
2286	2637	2
2286	2740	1
2286	2755	1
2287	2357	1
2287	2418	1
2287	2507	1
2287	2735	1
2290	2322	2
2290	2326	1
2290	2349	1
2290	2525	1
2294	2322	1
2294	2345	1
2294	2507	1
2294	2625	1
2294	2875	1
2295	2306	1
2295	2312	2
2295	2314	1
2295	2321	2
2295	2328	1
2295	2332	2
2295	2338	2
2295	2363	2
2295	2379	1
2295	2391	1
2295	2392	1
2295	2395	1
2295	2396	9
2295	2436	2
2295	2439	1
2295	2447	1
2295	2454	2
2295	2458	1
2295	2468	1
2295	2491	4
2295	2527	6
2295	2532	5
2295	2534	1
2295	2543	1
2295	2544	1
2295	2549	2
2295	2561	2
2295	2574	1
2295	2575	1
2295	2588	1
2295	2589	1
2295	2620	3
2295	2625	1
2295	2641	1
2295	2654	1
2295	2658	1
2295	2669	1
2295	2671	2
2295	2690	2
2295	2696	1
2295	2699	1
2295	2705	10
2295	2724	2
2295	2735	2
2295	2752	1
2295	2755	2
2295	2761	10
2295	2771	2
2295	2784	1
2295	2875	1
2297	2328	1
2297	2330	1
2297	2355	1
2297	2381	1
2297	2468	1
2297	2522	1
2297	2543	1
2297	2548	1
2297	2625	1
2297	2632	1
2297	2641	1
2297	2645	1
2297	2708	1
2297	2724	1
2297	2816	1
2297	2885	3
2298	2299	1
2298	2329	2
2298	2357	2
2298	2410	1
2298	2735	1
2298	2830	1
2299	2322	1
2299	2332	1
2299	2393	1
2299	2410	1
2299	2708	1
2299	2719	1
2299	2875	1
2300	2459	1
2306	2312	1
2306	2353	1
2306	2385	1
2306	2395	1
2306	2439	1
2306	2460	1
2306	2491	1
2306	2555	3
2306	2643	1
2306	2654	1
2306	2658	2
2306	2669	2
2307	2322	1
2307	2377	1
2307	2440	2
2307	2527	2
2307	2543	1
2307	2561	1
2307	2729	1
2307	2771	1
2307	2787	1
2307	2802	1
2311	2368	1
2311	2523	9
2312	2314	1
2312	2321	2
2312	2353	1
2312	2363	1
2312	2366	1
2312	2385	2
2312	2388	1
2312	2400	2
2312	2406	1
2312	2439	1
2312	2476	1
2312	2491	1
2312	2549	2
2312	2561	2
2312	2637	1
2312	2643	1
2312	2658	1
2312	2671	2
2312	2699	1
2312	2755	2
2312	2761	3
2313	2338	1
2313	2373	1
2313	2377	1
2313	2392	3
2313	2440	1
2313	2458	1
2313	2527	3
2313	2641	1
2313	2771	1
2314	2321	1
2314	2363	1
2314	2549	1
2314	2561	1
2314	2671	1
2314	2755	1
2314	2761	1
2321	2363	1
2321	2379	1
2321	2447	1
2321	2518	1
2321	2527	1
2321	2549	2
2321	2561	3
2321	2574	2
2321	2588	1
2321	2641	1
2321	2671	2
2321	2755	2
2321	2761	2
2321	2771	1
2322	2332	1
2322	2393	1
2322	2472	2
2322	2534	1
2322	2543	1
2322	2545	1
2322	2611	1
2322	2627	1
2322	2637	1
2322	2639	1
2322	2680	1
2322	2685	1
2322	2885	1
2326	2525	1
2326	2639	1
2326	2681	1
2328	2329	5
2328	2336	1
2328	2468	1
2328	2507	1
2328	2522	1
2328	2527	1
2328	2534	1
2328	2542	1
2328	2574	1
2328	2690	1
2328	2724	1
2328	2735	3
2328	2761	1
2328	2875	2
2329	2336	1
2329	2357	2
2329	2388	1
2329	2429	1
2329	2463	1
2329	2507	1
2329	2527	2
2329	2575	1
2329	2625	1
2329	2632	1
2329	2724	1
2329	2815	1
2329	2875	1
2330	2332	3
2330	2336	1
2330	2525	1
2330	2527	1
2330	2534	1
2330	2658	1
2332	2334	1
2332	2335	6
2332	2336	5
2332	2353	1
2332	2355	1
2332	2359	1
2332	2362	1
2332	2363	2
2332	2368	1
2332	2385	1
2332	2392	1
2332	2395	1
2332	2408	3
2332	2418	2
2332	2451	1
2332	2458	1
2332	2465	1
2332	2468	1
2332	2477	1
2332	2496	1
2332	2507	1
2332	2527	4
2332	2534	1
2332	2570	3
2332	2571	1
2332	2574	1
2332	2575	5
2332	2588	3
2332	2589	2
2332	2592	1
2332	2621	1
2332	2637	4
2332	2654	1
2332	2674	1
2332	2680	1
2332	2696	1
2332	2702	2
2332	2708	1
2332	2719	1
2332	2729	1
2332	2735	2
2332	2761	2
2332	2771	1
2332	2875	3
2334	2335	2
2334	2637	1
2334	2729	1
2335	2336	3
2335	2338	1
2335	2350	1
2335	2351	1
2335	2362	1
2335	2363	1
2335	2368	1
2335	2409	2
2335	2418	1
2335	2451	1
2335	2463	1
2335	2472	1
2335	2477	2
2335	2484	1
2335	2485	1
2335	2496	2
2335	2522	1
2335	2534	1
2335	2547	1
2335	2574	1
2335	2575	3
2335	2589	1
2335	2637	2
2335	2645	1
2335	2696	1
2335	2708	3
2335	2724	1
2335	2729	24
2335	2735	1
2335	2740	1
2335	2761	1
2335	2781	1
2336	2390	1
2336	2451	2
2336	2466	1
2336	2468	1
2336	2471	1
2336	2477	2
2336	2482	1
2336	2496	1
2336	2532	1
2336	2575	3
2336	2576	1
2336	2589	1
2336	2625	1
2336	2645	1
2336	2724	1
2336	2740	1
2336	2875	2
2337	2463	1
2337	2464	1
2337	2495	1
2337	2611	1
2337	2727	1
2337	2802	1
2338	2341	1
2338	2373	2
2338	2406	1
2338	2439	1
2338	2440	1
2338	2447	1
2338	2449	1
2338	2458	3
2338	2468	3
2338	2527	5
2338	2561	1
2338	2574	1
2338	2587	1
2338	2658	1
2338	2696	2
2338	2699	2
2338	2705	2
2338	2724	1
2338	2761	1
2338	2771	2
2338	2787	1
2338	2815	1
2340	2524	2
2341	2399	1
2341	2406	2
2341	2458	1
2341	2468	1
2341	2574	2
2341	2611	1
2341	2620	1
2341	2658	2
2341	2724	1
2341	2815	1
2343	2727	1
2343	2802	1
2345	2353	1
2345	2410	1
2345	2418	2
2345	2420	1
2345	2528	1
2345	2625	1
2345	2637	1
2350	2351	1
2350	2418	1
2350	2420	1
2350	2451	1
2350	2472	1
2350	2522	1
2350	2547	1
2350	2575	1
2350	2625	1
2350	2707	1
2350	2729	1
2350	2740	1
2351	2596	1
2351	2708	1
2351	2740	2
2352	2476	1
2352	2542	1
2352	2705	1
2352	2834	1
2353	2395	2
2353	2460	2
2353	2491	3
2353	2527	1
2353	2589	1
2353	2592	1
2353	2621	1
2353	2654	3
2353	2669	1
2353	2699	1
2353	2761	1
2355	2357	1
2355	2359	4
2355	2368	1
2355	2507	2
2355	2570	1
2355	2575	1
2355	2611	2
2355	2724	1
2355	2850	1
2355	2875	1
2357	2409	1
2357	2429	1
2357	2471	1
2357	2477	1
2357	2507	1
2357	2570	1
2357	2645	1
2357	2735	1
2357	2752	1
2359	2507	1
2359	2850	1
2361	2366	1
2361	2433	2
2361	2525	1
2361	2875	1
2362	2534	1
2362	2875	1
2363	2523	1
2363	2549	1
2363	2561	1
2363	2574	1
2363	2671	1
2363	2755	2
2363	2761	1
2363	2875	1
2366	2379	1
2366	2462	1
2366	2534	1
2366	2660	1
2366	2708	2
2366	2761	1
2366	2795	1
2368	2451	1
2368	2514	1
2368	2523	1
2368	2570	1
2368	2625	2
2368	2637	1
2368	2752	1
2371	2454	1
2371	2589	1
2371	2875	1
2373	2379	2
2373	2458	2
2373	2504	1
2373	2527	3
2373	2588	1
2373	2641	1
2373	2699	1
2377	2504	1
2377	2527	2
2377	2543	2
2377	2641	1
2379	2449	1
2379	2491	1
2379	2527	2
2379	2534	1
2379	2610	1
2379	2641	1
2379	2696	1
2379	2699	1
2379	2735	1
2379	2740	1
2381	2382	2
2381	2391	1
2381	2410	1
2381	2463	1
2381	2469	1
2381	2471	1
2381	2482	2
2381	2570	1
2381	2571	2
2381	2627	2
2381	2646	1
2381	2702	1
2381	2752	1
2381	2802	1
2382	2469	1
2382	2471	1
2382	2482	2
2382	2752	1
2385	2391	1
2385	2395	1
2385	2435	1
2385	2532	1
2385	2542	1
2385	2544	1
2385	2555	1
2385	2621	2
2385	2623	1
2385	2654	2
2385	2658	1
2385	2669	1
2385	2674	2
2385	2761	1
2385	2850	2
2388	2400	1
2388	2525	1
2388	2527	1
2388	2690	1
2390	2482	1
2390	2507	1
2390	2534	1
2390	2596	1
2390	2625	1
2390	2802	1
2391	2395	1
2391	2399	1
2391	2435	1
2391	2491	1
2391	2544	1
2391	2654	1
2391	2669	2
2391	2705	1
2391	2850	1
2392	2405	1
2392	2408	1
2392	2447	1
2392	2458	2
2392	2527	2
2392	2582	2
2392	2589	3
2392	2624	1
2392	2637	1
2392	2650	1
2392	2696	1
2392	2705	1
2392	2761	1
2392	2771	1
2392	2787	1
2393	2699	1
2393	2901	1
2395	2435	1
2395	2460	2
2395	2491	3
2395	2544	1
2395	2654	5
2395	2658	1
2395	2669	3
2395	2674	4
2395	2705	2
2396	2471	1
2396	2534	1
2396	2543	1
2396	2588	1
2396	2589	1
2396	2620	1
2396	2625	1
2396	2641	1
2396	2696	1
2396	2705	8
2396	2735	1
2396	2761	1
2396	2875	1
2399	2406	1
2399	2458	1
2399	2574	1
2399	2611	1
2399	2654	1
2399	2850	1
2400	2471	1
2400	2532	1
2400	2543	1
2400	2623	1
2400	2875	1
2404	2496	1
2405	2527	1
2405	2582	1
2405	2787	1
2406	2458	1
2406	2468	1
2406	2476	1
2406	2574	1
2406	2611	1
2406	2658	1
2406	2724	1
2406	2815	1
2408	2491	1
2408	2588	1
2409	2423	1
2409	2433	1
2409	2463	1
2409	2465	1
2409	2495	1
2409	2496	1
2409	2502	1
2409	2514	1
2409	2534	1
2409	2575	1
2409	2708	1
2409	2724	1
2409	2740	1
2409	2752	1
2409	2875	1
2410	2418	1
2410	2702	2
2418	2420	2
2418	2472	3
2418	2625	1
2418	2637	1
2418	2645	1
2418	2707	1
2418	2875	1
2420	2423	1
2420	2472	1
2420	2625	1
2420	2637	1
2420	2639	1
2420	2707	1
2420	2766	1
2423	2484	1
2423	2534	1
2423	2702	1
2423	2875	1
2428	2496	2
2429	2496	1
2429	2570	2
2429	2596	1
2429	2645	1
2429	2727	1
2429	2735	1
2429	2752	1
2429	2777	1
2431	2670	1
2432	2561	1
2432	2587	1
2433	2449	1
2433	2482	1
2433	2485	1
2433	2495	1
2433	2875	1
2435	2669	1
2436	2527	2
2436	2532	2
2436	2561	1
2436	2623	1
2436	2658	1
2436	2669	1
2436	2724	2
2439	2527	1
2439	2643	6
2440	2458	2
2440	2561	2
2447	2449	1
2447	2458	7
2447	2464	1
2447	2527	1
2447	2561	1
2447	2637	1
2447	2699	1
2447	2771	1
2449	2875	1
2451	2468	1
2451	2477	1
2451	2522	1
2451	2575	1
2451	2645	1
2451	2735	1
2451	2875	1
2451	2879	1
2454	2555	1
2454	2658	1
2454	2671	1
2456	2632	1
2458	2468	1
2458	2518	1
2458	2523	1
2458	2527	5
2458	2543	1
2458	2561	3
2458	2574	1
2458	2588	2
2458	2589	1
2458	2611	1
2458	2655	1
2458	2696	1
2458	2761	1
2458	2766	1
2458	2771	3
2459	2545	1
2460	2491	2
2460	2654	3
2460	2669	1
2461	2495	1
2461	2645	1
2461	2658	1
2462	2534	1
2462	2574	1
2462	2784	1
2463	2471	1
2463	2496	1
2463	2596	1
2463	2627	1
2463	2639	1
2463	2724	1
2463	2802	1
2464	2561	1
2464	2611	1
2464	2660	1
2464	2885	10
2465	2875	1
2466	2477	1
2466	2637	1
2468	2476	1
2468	2496	1
2468	2522	1
2468	2527	1
2468	2587	1
2468	2589	2
2468	2592	3
2468	2594	1
2468	2658	2
2468	2696	6
2468	2724	3
2468	2787	1
2468	2815	1
2469	2477	1
2469	2497	1
2469	2637	1
2471	2482	2
2471	2507	1
2471	2514	1
2471	2534	1
2471	2547	1
2471	2637	1
2471	2735	1
2471	2752	1
2471	2781	1
2471	2802	1
2471	2845	1
2471	2875	1
2472	2523	1
2472	2532	1
2472	2574	1
2472	2611	1
2472	2625	1
2472	2637	1
2472	2707	4
2472	2735	1
2472	2810	1
2472	2875	1
2476	2705	1
2477	2547	1
2477	2575	1
2477	2589	1
2477	2645	1
2477	2660	1
2477	2705	1
2477	2708	1
2477	2735	1
2477	2875	1
2480	2514	1
2480	2574	1
2481	2495	2
2481	2577	1
2482	2485	1
2482	2495	1
2482	2534	1
2482	2645	1
2482	2752	1
2484	2740	1
2485	2495	1
2485	2534	1
2485	2645	1
2485	2660	1
2485	2708	2
2485	2729	1
2485	2781	2
2489	2777	1
2491	2654	4
2491	2658	1
2491	2669	2
2491	2674	1
2491	2761	1
2495	2637	1
2495	2708	1
2495	2830	1
2495	2875	1
2496	2610	2
2496	2637	2
2496	2702	2
2496	2724	2
2496	2727	3
2496	2729	1
2496	2830	1
2498	2532	2
2499	2504	1
2501	2702	1
2502	2637	1
2502	2875	1
2504	2542	2
2504	2543	1
2504	2696	1
2507	2509	1
2507	2532	1
2507	2575	1
2507	2625	10
2507	2637	1
2507	2696	1
2507	2708	1
2507	2735	1
2507	2752	2
2507	2875	1
2509	2735	1
2514	2532	1
2514	2534	1
2514	2624	1
2514	2708	2
2514	2752	1
2517	2532	2
2517	2830	1
2518	2574	1
2522	2532	1
2522	2534	1
2522	2575	1
2523	2527	2
2523	2532	1
2523	2549	1
2523	2645	1
2523	2771	1
2525	2611	2
2525	2681	1
2525	2685	1
2525	2690	3
2525	2834	1
2527	2532	2
2527	2543	7
2527	2561	1
2527	2582	1
2527	2587	1
2527	2588	4
2527	2589	1
2527	2611	2
2527	2641	3
2527	2645	1
2527	2658	2
2527	2696	1
2527	2699	3
2527	2724	2
2527	2735	1
2527	2761	2
2527	2771	28
2527	2850	1
2527	2875	1
2528	2623	1
2528	2641	1
2532	2534	4
2532	2560	1
2532	2610	1
2532	2611	3
2532	2624	1
2532	2625	3
2532	2637	2
2532	2646	1
2532	2658	1
2532	2660	2
2532	2696	1
2532	2708	5
2532	2724	5
2532	2735	3
2532	2761	6
2532	2795	2
2532	2875	2
2534	2627	1
2534	2632	1
2534	2641	1
2534	2645	1
2534	2705	1
2534	2719	1
2534	2729	1
2534	2735	2
2534	2752	2
2534	2755	1
2534	2781	2
2534	2802	1
2534	2815	1
2534	2875	2
2538	2544	1
2542	2574	1
2542	2589	4
2542	2637	2
2542	2690	1
2542	2696	2
2542	2735	1
2542	2781	1
2542	2819	1
2543	2587	1
2543	2588	1
2543	2589	1
2543	2611	1
2543	2771	1
2543	2875	1
2544	2654	1
2544	2669	1
2544	2670	1
2544	2705	1
2545	2641	1
2547	2575	1
2547	2645	1
2547	2735	1
2548	2724	1
2549	2561	2
2549	2587	1
2549	2671	2
2549	2755	4
2549	2761	2
2555	2621	1
2555	2658	2
2558	2766	1
2560	2645	1
2561	2574	1
2561	2587	1
2561	2588	2
2561	2641	1
2561	2671	3
2561	2755	2
2561	2761	2
2568	2596	1
2568	2802	1
2570	2571	5
2570	2637	1
2570	2646	1
2570	2727	1
2570	2735	1
2570	2740	1
2570	2752	1
2570	2875	2
2574	2588	1
2574	2611	1
2574	2641	1
2574	2658	2
2574	2705	1
2574	2755	1
2574	2761	1
2575	2637	1
2575	2645	1
2575	2696	1
2575	2724	1
2575	2735	1
2576	2699	1
2576	2705	1
2576	2761	1
2587	2696	1
2588	2589	1
2588	2641	1
2588	2761	1
2588	2771	1
2588	2875	1
2589	2592	2
2589	2594	2
2589	2621	1
2589	2637	1
2589	2641	1
2589	2650	2
2589	2696	9
2589	2724	2
2589	2819	4
2589	2875	1
2592	2594	1
2592	2621	1
2592	2696	1
2592	2875	1
2594	2815	1
2596	2740	2
2607	2637	1
2610	2740	1
2611	2639	2
2611	2816	2
2611	2834	2
2611	2850	1
2611	2879	1
2611	2885	3
2620	2705	1
2624	2708	1
2625	2637	2
2625	2645	1
2625	2707	1
2625	2708	2
2627	2637	1
2627	2752	2
2627	2755	1
2627	2845	1
2632	2641	1
2632	2752	2
2632	2755	1
2637	2727	2
2637	2729	1
2637	2735	1
2637	2752	1
2637	2755	1
2637	2795	1
2637	2830	1
2637	2875	1
2639	2641	2
2639	2696	2
2639	2699	2
2639	2766	1
2639	2815	1
2639	2885	1
2641	2696	3
2641	2699	2
2643	2885	1
2645	2875	1
2646	2724	1
2650	2845	1
2654	2669	4
2654	2674	3
2654	2705	1
2658	2724	2
2658	2761	1
2658	2787	2
2658	2815	1
2658	2850	1
2660	2696	1
2660	2708	6
2660	2724	1
2660	2875	2
2669	2680	1
2669	2705	1
2671	2755	2
2671	2761	2
2671	2879	1
2680	2681	1
2680	2690	1
2681	2685	2
2681	2690	3
2685	2690	2
2690	2761	1
2696	2699	2
2696	2708	1
2696	2724	2
2696	2761	1
2696	2771	1
2696	2815	2
2696	2819	3
2699	2705	1
2699	2761	1
2699	2771	1
2699	2787	1
2699	2901	1
2702	2727	1
2702	2755	1
2705	2735	2
2705	2761	1
2708	2719	1
2708	2724	2
2708	2752	1
2724	2727	1
2724	2740	1
2724	2815	1
2729	2781	1
2735	2752	1
2735	2761	2
2735	2795	1
2740	2875	1
2752	2781	1
2752	2802	1
2752	2810	1
2755	2761	2
2761	2771	1
2816	2879	1
2816	2885	2
2875	2879	1
