id	label	x	y	cluster	weight<Links>	weight<Total link strength>	weight<Documents>	weight<Citations>	weight<Norm. citations>	score<Avg. pub. year>	score<Avg. citations>	score<Avg. norm. citations>
5	aarhus university	-0.1248	-0.3789	11	32	38	18	930	28.285	2015.8889	51.6667	1.5714
6	aarhus university hospital	0.0526	-0.394	11	13	18	10	827	15.8508	2015.2	82.7	1.5851
7	abertay university	-0.1172	-0.6381	5	3	3	6	322	4.8863	2007	53.6667	0.8144
12	academic medical center	-0.2112	-0.6022	13	31	53	11	927	21.7969	2015.1818	84.2727	1.9815
19	adelphi university	-0.1779	0.2892	9	22	28	15	603	10.1974	2013.7333	40.2	0.6798
20	adult anxiety clinic of temple	0.2562	0.5208	1	9	17	8	508	6.6865	2008.75	63.5	0.8358
30	aix-marseille university	-0.4746	-0.4851	11	6	8	5	123	2.0091	2014.2	24.6	0.4018
35	albany state university	-0.037	1.0547	1	12	30	18	1956	23.2212	1996.3889	108.6667	1.2901
36	albert einstein college of medicine	0.2086	-0.2381	13	25	27	6	137	7.0139	2006.1667	22.8333	1.169
50	allegheny general hospital	0.0851	0.5856	1	7	8	5	559	5.3832	2010.8	111.8	1.0766
53	alliant international university	0.1712	0.5122	2	9	9	10	253	4.9339	2008.4	25.3	0.4934
55	altrecht ggz	0.0074	-1.0164	13	15	35	10	159	7.0039	2019.6	15.9	0.7004
66	american university	0.044	0.3145	8	9	11	14	717	8.8316	1998.3571	51.2143	0.6308
72	amsterdam umc location vumc	0.5954	-0.9555	6	30	55	5	333	4.7789	2010.8	66.6	0.9558
73	amsterdam university medical centers	0.2534	-0.8297	13	15	28	7	58	8.9184	2021.7143	8.2857	1.2741
82	anna freud centre	-0.1846	-0.9333	5	20	33	16	982	21.5846	2015.6875	61.375	1.349
90	arizona state university	-0.0223	0.8647	2	18	19	12	537	9.4045	2006.5	44.75	0.7837
93	arq psychotrauma expert group	-0.3177	-0.6578	13	14	24	7	148	3.6381	2015.7143	21.1429	0.5197
112	auburn university	-0.0145	0.7988	1	14	15	14	609	8.5953	2012.0714	43.5	0.614
119	australian catholic university	0.6641	-0.0862	4	15	23	15	495	32.1268	2019.5333	33	2.1418
121	australian national university	0.5038	0.0642	4	7	9	6	180	3.882	2016.6667	30	0.647
122	australian psychological society	0.3582	-0.5184	4	29	44	8	266	12.2113	2018.25	33.25	1.5264
126	autonomous university of madrid	-0.0057	0.5185	1	6	7	6	262	5.6088	2017.1667	43.6667	0.9348
134	babeș-bolyai university	0.4089	-0.8135	6	44	75	15	1256	30.5168	2015.6667	83.7333	2.0345
143	bangor university	-0.1684	-0.893	10	16	17	10	2065	24.2097	2010.6	206.5	2.421
147	bar-ilan university	0.1331	0.0568	8	10	13	14	958	14.8724	2012.7857	68.4286	1.0623
161	baylor college of medicine	0.224	0.6346	12	56	97	29	662	24.912	2017.3103	22.8276	0.859
162	baylor university	-0.0129	0.9724	1	3	4	6	141	2.9977	2008.5	23.5	0.4996
164	beck institute for cognitive behavior therapy	0.1234	0.3028	8	8	10	7	3355	24.4948	2007.2857	479.2857	3.4993
165	behavior therapy associates	0.1542	0.7412	2	4	4	6	162	3.7967	1988.1667	27	0.6328
168	behavioral tech	-0.058	0.8179	1	7	7	5	139	4.9105	2015.4	27.8	0.9821
178	bellvitge university hospital	0.4121	-0.5131	6	31	55	7	323	12.9306	2019.5714	46.1429	1.8472
179	ben-gurion university of the negev	0.1263	0.0304	8	10	13	12	333	9.3308	2015.5	27.75	0.7776
192	binghamton university	0.2295	0.3245	1	25	30	15	820	14.0706	2006.3333	54.6667	0.938
196	"birkbeck, university of london"	0.0587	-0.4748	10	11	12	7	1051	16.5967	2014	150.1429	2.371
201	black dog institute	0.6723	-0.5614	4	5	12	6	414	9.5248	2017.3333	69	1.5875
217	boston university	0.1099	0.5455	2	123	350	148	17111	262.1023	2012.5676	115.6149	1.771
220	bowling green state university	0.3923	0.8855	12	2	2	5	21	0.5785	2014.8	4.2	0.1157
230	brigham young university	0.0121	0.7741	1	6	6	8	541	7.9697	2013.875	67.625	0.9962
239	brown university	0.1714	0.6587	7	74	155	49	2904	53.1909	2013.5102	59.2653	1.0855
244	butler hospital	0.2301	0.6701	7	17	28	10	648	9.8265	2005	64.8	0.9827
266	california university of pennsylvania	-0.1136	0.8634	1	13	16	13	594	9.6559	2002.6923	45.6923	0.7428
273	cambridgeshire and peterborough nhs foundation trust	0.2647	-0.71	13	44	61	9	753	18.8989	2017.6667	83.6667	2.0999
282	canterbury christ church university	0.2751	-0.7574	10	4	5	6	103	2.6462	2014.1667	17.1667	0.441
290	cardiff university	0.0258	-0.3001	5	20	26	8	713	24.6951	2015.75	89.125	3.0869
293	carl r. darnall army medical center	0.1319	1.2853	2	18	44	5	73	3.0213	2019	14.6	0.6043
296	carleton university	0.0466	0.1581	11	4	4	6	98	1.9958	2001.1667	16.3333	0.3326
300	carnegie mellon university	-0.0331	0.8918	1	5	11	6	966	30.887	2013.8333	161	5.1478
302	case western reserve university	-0.2897	0.708	9	23	40	21	1015	22.5836	2013.2381	48.3333	1.0754
305	catholic university of america	0.0111	0.3028	8	13	18	7	834	6.9315	2001.8571	119.1429	0.9902
309	catholic university of eichstätt-ingolstadt	-0.7999	-1.3557	3	4	6	5	57	6.6509	2019.8	11.4	1.3302
312	center for anxiety and depression	0.3559	0.9977	12	15	20	6	261	3	2011.5	43.5	0.5
313	center for autism and related disorders	-0.1842	0.8624	1	14	18	9	94	5.3633	2017.1111	10.4444	0.5959
325	center for life sciences	-0.7214	3.4327	16	4	10	5	185	3.4	2016.4	37	0.68
331	central arkansas veterans healthcare system	0.369	0.9114	12	11	14	5	52	1.3818	2017	10.4	0.2764
333	central institute of mental health	-0.7505	-1.2356	3	47	98	15	2395	48.7948	2017	159.6667	3.253
343	centre for addiction and mental health	-0.0471	-0.1816	9	37	67	25	1792	31.7601	2014.52	71.68	1.2704
345	centre for clinical interventions	0.4481	-0.2859	4	12	33	14	373	9.24	2016	26.6429	0.66
347	centre for mental health	0.0318	-0.4704	10	33	51	12	1264	42.3402	2015.6667	105.3333	3.5284
362	centro de investigación biomédica en red de salud mental	0.2056	-0.5312	6	70	166	22	1881	51.34	2016.6818	85.5	2.3336
363	centro di terapia metacognitiva interpersonale	0.0891	-0.3042	4	11	14	13	276	8.7791	2016.7692	21.2308	0.6753
378	charité - universitätsmedizin berlin	-0.8271	-1.2992	3	35	108	24	756	28.2542	2017.375	31.5	1.1773
387	chestnut hill college	0.0154	0.5437	8	11	13	6	437	5.0154	2005.6667	72.8333	0.8359
402	children's hospital of philadelphia	0.0255	0.8724	7	7	9	5	186	4.1773	2014.2	37.2	0.8355
408	chinese university of hong kong	-0.3621	-0.1564	1	5	7	8	100	4.179	2017.625	12.5	0.5224
421	cincinnati va medical center	-0.1458	0.8727	2	24	34	10	1046	16.7045	2015	104.6	1.6705
425	city college of new york	-0.4817	0.5313	9	3	4	5	989	21.9959	2013.6	197.8	4.3992
427	city university of new york	-0.4032	0.598	9	29	53	22	2510	38.9225	2013.2727	114.0909	1.7692
434	clark university	0.2066	0.8554	7	17	23	11	631	8.1274	2008.4545	57.3636	0.7389
453	colorado state university	-0.1417	0.931	1	8	8	8	223	4.3755	1999	27.875	0.5469
455	columbia university	-0.1348	0.376	9	52	91	48	3754	57.4994	2010.9167	78.2083	1.1979
456	columbia university irving medical center	-0.0854	0.4289	9	31	37	16	756	18.2077	2015.875	47.25	1.138
467	concordia university	0.143	-0.2888	11	15	21	15	555	10.5457	2011.8667	37	0.703
469	consejo nacional de investigaciones científicas y técnicas	-0.1995	-0.8491	3	3	4	5	57	1.5456	2018	11.4	0.3091
470	consorci institut d'investigacions biomediques august pi i sunyer	0.5335	-0.8513	6	43	83	7	456	12.8403	2016.1429	65.1429	1.8343
478	cornell university	0.0547	0.4156	2	49	59	30	2000	31.1925	2008.6333	66.6667	1.0398
480	counseling center	-0.1019	0.8641	1	5	5	8	96	1.3222	1993	12	0.1653
489	curtin university	0.4354	-0.1657	4	29	55	30	1332	35.1344	2016.0667	44.4	1.1711
490	"czech academy of sciences, institute of psychology"	-0.4379	-0.7815	5	5	5	5	35	3.4323	2009.4	7	0.6865
494	dalhousie university	-0.11	-0.1429	11	16	16	8	217	5.5656	2014.875	27.125	0.6957
500	dartmouth college	0.0559	0.7549	1	24	33	13	467	12.9843	2014.5385	35.9231	0.9988
508	deakin university	0.5505	-0.0218	4	12	21	12	584	24.5972	2017.9167	48.6667	2.0498
539	drexel university	0.0477	0.5333	8	30	39	34	5382	54.6888	2009.5294	158.2941	1.6085
541	duke medical center	-0.0561	0.7567	2	65	162	46	5482	71.8758	2013.0435	119.1739	1.5625
542	duke university	-0.0512	0.7616	1	62	94	34	3933	56.2787	2014.0588	115.6765	1.6553
544	duke university hospital	-0.0807	0.8031	2	48	121	24	2406	39.9017	2013.2917	100.25	1.6626
549	durham university	0.4864	0.1403	4	5	5	5	352	4.9834	2006.6	70.4	0.9967
551	durham va medical center	0.0032	0.8426	2	23	37	9	853	15.1162	2014.8889	94.7778	1.6796
565	edinburgh napier university	0.0248	-0.5664	5	17	19	5	150	2.6553	2015.4	30	0.5311
574	emgo institute for health and care research	0.5284	-0.8995	6	35	64	8	841	20.997	2015.75	105.125	2.6246
578	emory university	-0.0101	0.5336	2	71	94	57	6331	105.4713	2011.2982	111.0702	1.8504
585	erasmus university rotterdam	-0.508	-0.8229	3	23	25	10	256	9.7318	2014.7	25.6	0.9732
631	flinders university	0.4534	-0.2767	4	19	26	15	774	17.2784	2014.5333	51.6	1.1519
638	florida institute of technology	-0.0954	0.712	1	11	13	9	302	8.4091	2017.8889	33.5556	0.9343
639	florida international university	-0.0118	0.5749	1	22	29	13	1062	15.3634	2010.5385	81.6923	1.1818
640	florida state university	0.0319	0.9427	1	28	37	32	2517	30.033	2011.625	78.6562	0.9385
648	fordham university	-0.103	0.0495	1	22	25	26	1094	15.4113	2010.2692	42.0769	0.5927
657	freie universität berlin	-0.6526	-1.3466	3	27	60	19	884	17.4311	2016.7895	46.5263	0.9174
658	french national centre for scientific research	-0.4671	-0.4583	11	4	6	5	166	2.6906	2012.8	33.2	0.5381
660	friedrich-alexander-universität erlangen-nürnberg	-0.7823	-1.1397	3	21	23	9	167	10.6481	2020.5556	18.5556	1.1831
661	frontline service	-0.0688	0.5986	2	26	31	8	980	11.7173	2010.875	122.5	1.4647
687	george mason university	0.0377	0.8303	1	12	12	9	3625	33.4783	2013.1111	402.7778	3.7198
688	george washington university	0.1572	0.1073	8	8	8	5	90	3.1554	2012.4	18	0.6311
690	georgetown university	0.1575	1.126	7	8	13	6	267	7.0112	2006	44.5	1.1685
691	georgetown university medical center	0.1662	1.1111	7	9	14	5	203	6.0002	2011.2	40.6	1.2
696	georgia state university	0.0726	0.4516	7	32	41	29	1673	27.4022	2010.1034	57.6897	0.9449
707	ggz ingeest	0.1633	-0.7556	13	15	28	7	75	7.259	2020.4286	10.7143	1.037
710	ghent university	0.0806	-0.4549	10	25	38	19	633	19.8202	2019	33.3158	1.0432
711	ghent university hospital	-0.0819	-0.487	10	30	36	18	1645	26.7598	2016.0556	91.3889	1.4867
716	goethe university frankfurt	-0.8018	-1.4006	3	32	56	28	1065	17.329	2015.1071	38.0357	0.6189
718	goldsmiths university of london	0.3775	-0.7088	5	5	5	6	4950	31.2778	2009.6667	825	5.213
729	greater manchester mental health nhs foundation trust	-0.0884	-0.8063	5	31	45	16	899	29.179	2016.5	56.1875	1.8237
732	griffith university	0.3014	-0.1881	4	37	60	43	1935	36.628	2012.6977	45	0.8518
745	guy's and st thomas' nhs foundation trust	-0.1399	-0.4466	10	6	13	9	1138	21.361	2015.8889	126.4444	2.3734
767	hartford hospital	0.0012	-0.3791	4	2	3	5	159	2.9807	2015.4	31.8	0.5961
770	harvard university	0.0107	0.192	7	172	391	130	9503	216.7405	2014.9154	73.1	1.6672
771	harvard university press	0.0419	0.5159	12	11	13	10	515	9.7604	2010	51.5	0.976
775	haukeland university hospital	-0.1897	-0.313	14	26	39	10	235	7.3857	2017	23.5	0.7386
782	health sciences centre	-0.208	-0.145	9	7	22	9	133	3.1857	2015.7778	14.7778	0.354
785	health services research & development	0.296	1.0071	12	14	27	6	149	4.3042	2015.5	24.8333	0.7174
788	hebrew university of jerusalem	0.0887	0.0112	8	18	25	30	559	32.0476	2018.2667	18.6333	1.0683
790	heidelberg university	-0.6441	-0.9575	3	65	132	35	2867	65.2052	2016.1714	81.9143	1.863
810	hofstra university	-0.2249	0.7781	14	13	13	7	241	9.8321	2004.2857	34.4286	1.4046
817	hong kong polytechnic university	-0.3474	-0.0113	1	3	4	5	59	6.2071	2019.6	11.8	1.2414
828	hospital de clínicas de porto alegre	0.4355	0.7533	12	6	10	5	217	3.4718	2010.6	43.4	0.6944
854	humboldt-universität zu berlin	-0.7549	-1.2186	3	29	94	22	517	21.4849	2019.3636	23.5	0.9766
856	hunter college	-0.4119	0.7373	9	13	27	9	1399	18.068	2013.8889	155.4444	2.0076
859	huntsman cancer institute	0.1056	0.835	1	8	16	5	611	11.9939	2015.2	122.2	2.3988
867	hôpital louis-h lafontaine	0.1236	-0.3233	11	3	11	10	341	4.3519	2003.4	34.1	0.4352
871	icahn school of medicine at mount sinai	0.2765	0.0803	11	56	71	27	1778	38.4016	2014	65.8519	1.4223
886	imperial college london	0.0555	-0.637	5	37	39	7	1307	34.0015	2014.4286	186.7143	4.8574
891	indiana university	0.1042	-0.0295	4	4	4	6	97	1.2181	2006.1667	16.1667	0.203
894	indiana university – purdue university indianapolis	0.0962	-0.0515	4	6	7	10	317	4.8655	2006.8	31.7	0.4865
907	innsbruck medical university	-0.3883	-0.3996	8	5	7	5	149	2.9697	2015.6	29.8	0.5939
908	inserm	-0.4651	-0.4369	11	8	8	9	274	6.9341	2015.7778	30.4444	0.7705
911	institut d'investigació biomédica de bellvitge	0.4393	-0.5637	6	34	67	8	457	18.0409	2018.75	57.125	2.2551
918	institut universitaire en santé mentale de québec	0.1227	-0.3324	11	19	27	9	179	8.595	2016.6667	19.8889	0.955
934	institute of mental health	0.0858	-0.391	5	16	17	6	410	8.4196	2016.6667	68.3333	1.4033
939	"institute of psychology, chinese academy of sciences"	-0.5466	-0.6408	11	7	12	8	120	6.9155	2017.75	15	0.8644
950	instituto de salud carlos iii	0.4127	-0.3454	6	13	21	6	271	6.851	2018	45.1667	1.1418
1010	jagiellonian university	-0.2036	-0.3652	11	4	4	5	3	0.1282	2020.2	0.6	0.0256
1015	james j. peters va medical center	0.3224	0.1349	11	8	14	7	375	10.3063	2017	53.5714	1.4723
1022	jena university hospital	-0.6904	-1.2413	3	15	21	6	90	3.5879	2017.5	15	0.598
1024	jesse brown va medical center	-0.4013	0.6125	2	6	9	6	200	4.8729	2017.3333	33.3333	0.8121
1030	johannes gutenberg university mainz	-0.729	-1.2763	3	19	38	15	368	8.3217	2016.4667	24.5333	0.5548
1031	john brown university	0.2006	1.0034	7	8	8	7	607	7.9204	2008.1429	86.7143	1.1315
1034	john jay college of criminal justice	-0.4822	0.4698	9	8	12	5	268	2.9466	2011.4	53.6	0.5893
1039	johns hopkins medicine	-0.0462	0.6478	1	18	28	10	323	9.6479	2012.3	32.3	0.9648
1040	johns hopkins university	-0.0591	0.5165	1	44	61	26	1072	25.6994	2014.0385	41.2308	0.9884
1060	karolinska institutet	0.3844	-0.5433	6	132	388	96	6968	169.8799	2016.4688	72.5833	1.7696
1061	karolinska university hospital	0.9302	-0.2403	7	5	12	7	593	5.8013	2011	84.7143	0.8288
1067	kennedy krieger institute	-0.1511	0.8754	1	14	17	8	260	4.6903	2007.625	32.5	0.5863
1070	kent state university	-0.3295	0.6709	9	16	33	17	612	18.6874	2011.9412	36	1.0993
1082	king's college london	0.1223	-0.6316	10	151	347	126	8617	174.251	2014.9127	68.3889	1.3829
1091	klinik für psychosomatik	-0.8813	-1.4815	3	2	5	7	73	1.5322	1998.8571	10.4286	0.2189
1093	klinik und poliklinik für psychiatrie und psychotherapie	-0.6521	-0.9736	3	20	21	8	93	1.5993	2011.625	11.625	0.1999
1096	klinik und poliklinik für psychotherapie und psychosomatik	-0.8209	-1.3525	3	11	18	5	38	0.7122	2009.4	7.6	0.1424
1111	ku leuven	-0.0159	-0.6556	6	104	248	92	9918	221.5297	2015.8261	107.8043	2.4079
1115	la trobe university	0.3977	0.0481	4	11	11	9	370	7.4598	2006.8889	41.1111	0.8289
1131	laureate institute for brain research	-0.0785	1.039	2	15	27	12	259	8.4077	2017.4167	21.5833	0.7006
1138	lehigh university	-0.113	0.8134	1	6	7	6	567	6.7442	2004.5	94.5	1.124
1143	leiden university	-0.102	-0.7476	13	41	79	33	1798	32.3916	2010.5152	54.4848	0.9816
1144	leiden university medical center	-0.0772	-0.8009	13	32	48	11	1168	22.9275	2015.8182	106.1818	2.0843
1146	leipzig university	-0.5008	-0.8283	5	8	8	5	24	4.6674	2021.6	4.8	0.9335
1158	linköping university	0.6305	-0.7123	6	58	163	40	2082	45.3531	2015.5	52.05	1.1338
1164	lmu klinikum	-0.8505	-1.2002	3	12	23	10	182	11.7129	2020.1	18.2	1.1713
1177	louisiana state university	0.0052	0.5607	1	12	16	19	1282	19.3253	2006.1579	67.4737	1.0171
1182	loyola university chicago	-0.1717	0.6176	2	7	11	7	572	7.8357	1998.4286	81.7143	1.1194
1185	ludwig-maximilians-universität münchen	-0.8168	-1.1644	3	36	74	22	762	24.3801	2018.5	34.6364	1.1082
1187	lund university	0.5526	-0.4252	6	10	12	6	235	3.6414	2014.5	39.1667	0.6069
1192	lwl-universitätsklinikum bochum	-0.4769	-1.3187	3	19	28	5	165	8.7724	2019	33	1.7545
1195	maastricht university	0.1098	-0.6709	6	91	184	71	6146	112.4901	2013.0141	86.5634	1.5844
1196	maastricht university medical centre	0.1715	-1.0724	13	8	14	7	472	6.9142	2010.2857	67.4286	0.9877
1197	macquarie university	0.3291	-0.4396	4	55	87	51	4895	66.6683	2015.9804	95.9804	1.3072
1205	manchester academic health science centre	0.0723	-0.9767	5	9	14	5	53	2.4274	2018.6	10.6	0.4855
1206	manchester metropolitan university	1.3183	-2.5968	15	3	3	5	39	4.0685	2021.2	7.8	0.8137
1220	marquette university	-0.0503	0.517	7	12	12	6	90	4.6928	2014.3333	15	0.7821
1230	massachusetts general hospital	0.0861	0.3502	12	140	294	80	8213	160.4573	2014.7	102.6625	2.0057
1236	maudsley hospital	0.4385	-1.1457	15	2	2	5	322	5.3638	1989.2	64.4	1.0728
1240	max planck institute for human cognitive and brain sciences	-0.6924	-1.3173	3	18	22	6	174	5.742	2018	29	0.957
1243	max planck institute of psychiatry	-0.5448	-0.8406	3	30	32	9	631	13.8796	2007.2222	70.1111	1.5422
1250	mcgill university	-0.0963	-0.0937	11	21	25	23	827	19.0095	2014.6522	35.9565	0.8265
1252	mclean hospital	0.143	0.7861	7	39	89	37	1522	38.0407	2012.9459	41.1351	1.0281
1253	mcmaster university	0.1765	-0.0046	12	42	58	15	281	13.2692	2016.8667	18.7333	0.8846
1259	medical research council	0.151	-0.9784	5	50	108	22	3700	64.2905	2015.7273	168.1818	2.9223
1260	medical university of south carolina	0.1091	0.7976	1	45	64	34	6085	76.7916	2010.0294	178.9706	2.2586
1269	melbourne health	0.4211	-0.7021	6	22	44	5	326	16.2945	2020	65.2	3.2589
1272	memorial hospital	0.1298	0.6597	12	12	21	8	188	3.1152	2015.375	23.5	0.3894
1274	memorial university of newfoundland	-0.5184	0.1145	9	1	1	5	92	2.7621	2005.2	18.4	0.5524
1277	mental health australia	0.4646	-0.3149	4	15	23	7	524	7.1574	2011.7143	74.8571	1.0225
1278	mental health foundation	-0.1038	-0.8994	5	4	8	5	103	2.7576	2015.8	20.6	0.5515
1282	mental health services	-0.0977	0.0594	2	15	19	6	208	15.9467	2018.6667	34.6667	2.6578
1283	"mental illness research, education and clinical centers"	0.2417	0.8704	12	36	70	17	527	16.4221	2017.5294	31	0.966
1292	miami university	0.177	0.7112	7	21	26	12	208	3.6174	2009.0833	17.3333	0.3014
1294	michael e. debakey va medical center	0.2131	0.8412	12	31	61	18	499	12.581	2015.8333	27.7222	0.6989
1296	michigan state university	-0.064	0.8943	1	10	11	15	1415	29.8435	2006.1333	94.3333	1.9896
1318	miriam hospital	0.09	0.873	7	10	17	8	623	9.5862	2011.25	77.875	1.1983
1324	modum bad – gordon johnsens stiftelse	-0.3695	0.1607	14	3	6	5	105	1.9471	2015.2	21	0.3894
1325	moffitt cancer center	0.016	0.5568	1	16	18	5	439	6.8799	2015.4	87.8	1.376
1329	monash university	0.5024	-0.0423	4	24	37	31	2420	42.2935	2014.3548	78.0645	1.3643
1344	mount sinai hospital	-0.1504	0.3833	1	10	10	6	579	12.6702	2007.8333	96.5	2.1117
1346	mrc biostatistics unit	0.0076	-0.8962	5	11	13	6	1831	19.0198	1995.3333	305.1667	3.17
1348	mrc cognition and brain sciences unit	0.1652	-0.9459	5	60	140	33	9343	115.2475	2014.1515	283.1212	3.4923
1355	murdoch university	0.4914	-0.826	4	7	8	6	149	3.2548	2017.5	24.8333	0.5425
1373	national and kapodistrian university of athens	-0.8729	-1.6391	3	2	2	5	230	4.7689	2013.6	46	0.9538
1378	national center for post traumatic stress disorder	0.1607	0.9416	2	37	68	22	1942	29.6537	2013.5	88.2727	1.3479
1379	national center for ptsd	0.0906	0.6769	2	91	248	59	4674	83.951	2016.1525	79.2203	1.4229
1397	national institute for health research	0.1175	-0.7298	10	23	35	7	242	7.768	2017.4286	34.5714	1.1097
1400	national institute of mental health	-0.1068	0.1589	8	30	61	41	3213	63.6599	2014.2927	78.3659	1.5527
1406	national institutes of health	-0.2527	-0.0443	8	13	19	13	781	15.6542	2010.2308	60.0769	1.2042
1421	national university of singapore	-0.2174	0.8079	1	9	11	10	201	8.1999	2018.1	20.1	0.82
1429	nebraska medical center	-0.1702	0.8589	1	6	12	7	251	7.5853	2018.4286	35.8571	1.0836
1439	neurobehavioral systems	-0.181	0.1876	7	49	63	17	992	40.9322	2016.6471	58.3529	2.4078
1453	new school	-0.0893	0.2009	9	12	14	8	329	5.2814	2013.875	41.125	0.6602
1457	new york psychoanalytic society and institute	-0.1595	0.4587	9	25	44	23	1266	19.7828	2009.1304	55.0435	0.8601
1460	new york university	-0.1382	0.4777	14	53	77	45	4085	51.4702	2010.9778	90.7778	1.1438
1462	newcastle university	-0.0162	-0.7393	5	33	37	11	735	13.0199	2012.6364	66.8182	1.1836
1494	northeastern university	-0.1724	0.7941	2	5	5	6	61	2.4348	2013.5	10.1667	0.4058
1497	northern illinois university	-0.0371	0.9714	1	7	8	15	678	8.8709	2000.3333	45.2	0.5914
1505	northwestern university	-0.0188	0.5323	1	35	37	28	2278	42.3447	2009.3214	81.3571	1.5123
1509	norwegian university of science and technology	-0.3205	-0.1978	14	14	38	24	564	21.719	2015.9583	23.5	0.905
1518	nova southeastern university	-0.187	0.7726	1	23	23	19	461	7.7762	2002.2632	24.2632	0.4093
1523	nyu langone health	0.0048	0.5878	10	28	33	7	440	9.0156	2017.1429	62.8571	1.2879
1532	ohio university	0.1478	0.8698	1	13	15	14	582	11.6435	2011.3571	41.5714	0.8317
1547	oregon clinic	-0.0641	0.2637	8	12	12	10	276	20.756	2016.4	27.6	2.0756
1548	oregon health & science university	-0.1907	0.125	8	4	4	8	681	12.8668	2006.5	85.125	1.6084
1554	orygen youth health	0.6061	-0.1905	4	8	13	5	1215	15.0465	2015.2	243	3.0093
1557	oslo university hospital	-0.3512	-0.1624	14	7	11	8	132	4.3459	2018.25	16.5	0.5432
1566	ottawa hospital	0.0866	0.1838	11	4	8	8	238	3.8301	2012	29.75	0.4788
1570	oxford health nhs foundation trust	0.235	-0.8238	10	37	75	21	1008	50.7516	2020.2381	48	2.4167
1581	palo alto university	-0.0327	0.4554	2	26	38	15	742	17.3206	2016.8667	49.4667	1.1547
1583	panteion university	-0.8783	-1.6478	3	1	1	6	24	0.8359	2017.5	4	0.1393
1597	peking university	-0.7211	3.426	16	6	14	8	143	5.9516	2019.625	17.875	0.7439
1599	peking university sixth hospital	-0.7307	3.4802	16	2	9	5	104	2.5261	2018.2	20.8	0.5052
1605	pennsylvania state university	-0.0596	0.6551	7	62	84	58	4017	76.3455	2009	69.2586	1.3163
1606	pepperdine university	0.177	0.5397	2	2	2	5	65	1.3803	1994.2	13	0.2761
1613	philipps university of marburg	-0.4056	-0.6112	3	96	228	60	2165	90.6492	2017.5667	36.0833	1.5108
1630	pontifícia universidade católica do rio grande do sul	0.5314	0.7784	12	2	2	5	89	1.1446	2011.4	17.8	0.2289
1652	pro persona	-0.0809	-0.4284	13	25	41	8	268	7.856	2017	33.5	0.982
1654	providence college	0.1518	0.6344	7	63	114	32	1892	35.2885	2013.7812	59.125	1.1028
1657	psychiatric medical center	-0.2906	0.4192	14	4	4	5	55	0.8131	2004.8	11	0.1626
1659	psychiatry research trust	0.4064	-0.745	15	8	10	10	989	11.1849	2001.1	98.9	1.1185
1662	psyq	-0.1057	-0.7862	4	4	7	5	162	6.0643	2016.8	32.4	1.2129
1670	purdue university west lafayette	0.248	0.6519	8	1	1	8	356	6.7759	2008.125	44.5	0.847
1679	queen's university	0.1042	-0.219	10	7	10	13	446	12.0503	1997.6923	34.3077	0.9269
1681	"queens college, cuny"	-0.0869	0.3283	9	10	10	5	188	4.9756	2011	37.6	0.9951
1686	queensland university of technology	0.3087	-0.4913	4	15	24	16	473	7.3455	2016.3125	29.5625	0.4591
1687	radboud university medical center	-0.1512	-0.4805	13	26	54	19	827	19.8216	2015.8947	43.5263	1.0432
1688	radboud university nijmegen	-0.2369	-0.625	13	73	144	53	2101	55.3722	2016.4717	39.6415	1.0448
1692	ralph h. johnson va medical center	0.2402	0.8298	1	13	18	7	408	8.9934	2016.8571	58.2857	1.2848
1694	rand corporation	-0.1542	1.0294	2	12	16	7	169	4.212	2008.5714	24.1429	0.6017
1704	reichman university	0.1967	-0.0425	8	32	35	11	766	17.5152	2015.4545	69.6364	1.5923
1714	reykjavík university	0.1573	-0.5718	5	10	16	8	152	6.2714	2019.25	19	0.7839
1715	rhode island hospital	0.1078	0.6947	7	21	36	10	708	9.7282	2011.4	70.8	0.9728
1726	rmit university	0.471	0.092	4	13	14	6	185	3.6534	2016.5	30.8333	0.6089
1733	rogers (united states)	0.1317	0.6598	12	12	21	7	188	3.1152	2015	26.8571	0.445
1734	rogers behavioral health	-0.1315	0.6509	14	21	24	9	141	9.6451	2018.1111	15.6667	1.0717
1736	roosevelt university	-0.3858	0.5569	2	9	12	6	223	5.7037	2004.8333	37.1667	0.9506
1739	rowan university	0.0284	0.6297	8	10	12	6	570	9.809	2012.3333	95	1.6348
1747	royal holloway university of london	0.0282	-0.3958	5	8	8	7	800	10.0056	2009.7143	114.2857	1.4294
1754	royal national hospital for rheumatic diseases	0.295	-0.1233	7	3	7	5	860	11.2377	2009.4	172	2.2475
1766	ruhr university bochum	-0.5118	-0.9806	3	76	152	61	2355	80.4524	2016.9344	38.6066	1.3189
1769	rush university medical center	0.0376	0.6604	7	39	63	24	1501	34.6633	2017.2917	62.5417	1.4443
1771	rutgers sexual and reproductive health and rights	-0.2071	0.5651	1	15	18	10	802	19.8411	2011.6	80.2	1.9841
1772	"rutgers, the state university of new jersey"	-0.287	0.5366	1	28	34	34	2550	46.169	2001.5294	75	1.3579
1773	rwth aachen university	-0.4796	-0.9928	3	4	4	5	103	2.7554	2010.2	20.6	0.5511
1776	saarland university	-0.5086	-0.8695	11	37	47	9	734	21.3585	2018.6667	81.5556	2.3732
1779	sahlgrenska university hospital	0.8537	-0.6309	6	4	8	5	43	1.8931	1997.2	8.6	0.3786
1788	salus klinik	-0.5438	-1.0246	5	10	18	6	417	14.3308	2018.1667	69.5	2.3885
1792	san diego state university	0.0137	0.7992	2	27	50	22	1907	35.4167	2013.5	86.6818	1.6098
1797	san francisco va medical center	0.2026	0.3317	14	30	38	8	622	12.6987	2015.375	77.75	1.5873
1808	sapienza university of rome	-0.0833	-0.6402	4	7	8	12	387	16.7737	2017.9167	32.25	1.3978
1823	seattle university	-0.0324	0.6724	2	14	24	13	691	10.289	2006.1538	53.1538	0.7915
1853	sheffield hallam university	1.304	-2.5708	15	7	8	5	69	2.3081	2018.2	13.8	0.4616
1854	sheffield health and social care nhs foundation trust	0.9066	-1.7678	15	2	10	9	202	5.0151	2016.3333	22.4444	0.5572
1874	simon fraser university	-0.4628	-0.2524	9	4	4	6	696	10.2893	2015.6667	116	1.7149
1881	skidmore college	0.2163	0.914	7	12	21	6	323	3.0985	2015.1667	53.8333	0.5164
1883	smith college	-0.1024	1.136	2	3	4	6	1006	14.1643	2003.6667	167.6667	2.3607
1904	south london and maudsley nhs foundation trust	0.1276	-0.6678	10	39	91	32	1329	30.5157	2015.8125	41.5312	0.9536
1905	south texas veterans health care system	0.053	1.1262	2	25	54	10	211	8.6093	2019.9	21.1	0.8609
1912	southern california university for professional studies	-0.2769	0.6815	14	7	13	6	188	5.5353	2015.1667	31.3333	0.9225
1916	southern health nhs foundation trust	0.2084	-0.5869	10	7	9	7	349	8.2304	2016.1429	49.8571	1.1758
1917	southern illinois university carbondale	0.1392	1.0207	7	7	7	6	109	2.2301	2015.3333	18.1667	0.3717
1920	southern methodist university	0.0572	0.4388	14	41	88	31	3055	53.2151	2014.3226	98.5484	1.7166
1933	st ann’s hospital	-0.1154	-1.0134	5	3	6	7	1323	11.378	2007	189	1.6254
1938	"st george's, university of london"	0.2117	-0.6434	13	27	27	7	633	13.1914	2000.8571	90.4286	1.8845
1945	st olav's university hospital	-0.3289	-0.3149	14	12	29	13	307	10.0055	2018.1538	23.6154	0.7697
1948	st vincent's hospital	0.491	-0.3434	4	28	32	5	283	15.9434	2017	56.6	3.1887
1949	st vincent's hospital sydney	0.6703	-0.5641	4	6	12	8	406	5.0141	2009.875	50.75	0.6268
1958	st. john's university	-0.2317	0.7854	14	5	5	7	179	3.4726	2007.8571	25.5714	0.4961
1959	st. joseph’s healthcare hamilton	0.1388	0.222	12	17	31	11	317	8.3929	2017.4545	28.8182	0.763
1971	staffordshire university	1.3226	-2.6051	15	2	2	6	170	4.8311	2017	28.3333	0.8052
1973	stanford medicine	-0.2023	0.6978	2	11	15	6	202	4.7987	2008.1667	33.6667	0.7998
1974	stanford university	0.0379	0.5837	2	121	249	83	11019	212.2486	2011.7711	132.759	2.5572
1979	state university of new york	-0.3118	0.7038	2	10	20	12	954	14.8034	1995.8333	79.5	1.2336
1983	stellenbosch university	0.2683	-0.5536	13	6	6	5	101	2.5414	2012.6	20.2	0.5083
1987	stockholm county council	0.3835	-0.4277	6	21	33	10	198	5.379	2014.9	19.8	0.5379
1988	stockholm health care services	0.4846	-0.4013	6	20	31	8	97	7.4638	2020.375	12.125	0.933
1989	stockholm university	0.4006	-0.6628	6	70	171	48	1861	39.4805	2012.9167	38.7708	0.8225
1990	stony brook university	-0.2441	0.5597	2	32	47	31	1564	27.3482	2006.6774	50.4516	0.8822
1992	suffolk university	0.1352	1.0031	7	20	34	16	813	16.1681	2015.125	50.8125	1.0105
1999	sunnybrook health science centre	-0.2072	-0.1451	9	7	22	9	133	3.1857	2015.7778	14.7778	0.354
2008	sussex partnership nhs foundation trust	0.3942	-0.9851	10	12	31	10	252	14.4396	2019.1	25.2	1.444
2010	swansea bay university health board	-0.1588	-0.1917	5	7	9	5	260	2.8149	2009	52	0.563
2011	swansea university	-0.0754	-0.1747	5	25	36	15	537	15.3543	2016.8	35.8	1.0236
2013	swedish institute	0.6856	-0.8233	6	36	75	11	873	12.7655	2010.1818	79.3636	1.1605
2016	swinburne university of technology	0.4695	-0.0071	4	20	31	17	610	14.9904	2016.2353	35.8824	0.8818
2024	sylvester comprehensive cancer center	0.1545	0.4565	1	5	9	5	320	5.0659	2014.2	64	1.0132
2025	syracuse university	0.1162	0.6006	1	4	4	5	157	1.8286	2004.2	31.4	0.3657
2043	technische universität braunschweig	-0.8046	-1.0382	3	9	10	5	202	2.385	2010.6	40.4	0.477
2048	tel aviv university	-0.0245	0.0534	8	43	65	45	3773	77.6046	2012.1556	83.8444	1.7245
2051	temple college	-0.1084	0.7862	1	22	46	17	599	14.9601	2012.4118	35.2353	0.88
2052	temple university	0.0672	0.6665	1	69	147	67	5864	85.1464	2009.1343	87.5224	1.2708
2055	texas a&m university	-0.5663	-0.0828	2	17	17	8	402	7.7793	2012.75	50.25	0.9724
2061	texas state university	0.3284	0.7918	12	18	18	8	95	1.8928	1995.375	11.875	0.2366
2062	texas tech university	-0.1801	0.4213	1	13	13	10	244	6.0777	2006.4	24.4	0.6078
2068	the chicago school of professional psychology	-0.2461	0.2286	5	6	6	7	72	1.9822	2015	10.2857	0.2832
2069	"the graduate center, cuny"	-0.3843	0.6118	9	12	20	7	944	9.6687	2014.7143	134.8571	1.3812
2073	the ohio state university	-0.1647	0.5749	14	28	36	27	1847	33.4646	2005.7037	68.4074	1.2394
2080	the tavistock and portman nhs foundation trust	0.2033	-1.0049	13	3	3	6	465	6.0891	2003.1667	77.5	1.0148
2083	the university of texas at arlington	-0.2062	0.2755	1	3	3	5	68	1.9626	2002.8	13.6	0.3925
2084	the university of texas at austin	-0.0179	0.7269	1	60	82	42	2503	57.6092	2013.2381	59.5952	1.3716
2086	the university of texas at san antonio	0.156	1.2217	2	24	49	10	140	5.5098	2019.6	14	0.551
2088	the university of texas health science center at houston	0.1418	1.0607	1	8	9	7	302	4.406	2007.4286	43.1429	0.6294
2089	the university of texas health science center at san antonio	0.1293	1.1984	2	29	74	13	160	10.0889	2019.3077	12.3077	0.7761
2090	the university of texas md anderson cancer center	-0.1227	0.5109	1	21	24	8	675	10.9136	2011.75	84.375	1.3642
2093	the university of texas southwestern medical center	0.2332	0.9545	12	6	8	5	60	1.5924	2018.4	12	0.3185
2094	the university of tokyo	-0.3151	-0.6165	3	13	13	5	856	10.7576	2018.8	171.2	2.1515
2099	tilburg university	-0.1547	-0.6521	13	23	28	11	329	12.1497	2016.5455	29.9091	1.1045
2112	toronto metropolitan university	-0.0857	0.4102	9	53	110	39	907	32.8468	2018.7436	23.2564	0.8422
2126	trinity college dublin	-0.2512	0.1037	5	6	6	16	189	8.2629	2018.6875	11.8125	0.5164
2133	tu dortmund university	-0.2684	-0.8225	10	8	8	5	131	6.9832	2019.4	26.2	1.3966
2134	tu dresden	-0.5344	-1.185	3	95	241	40	2056	65.2669	2016.8	51.4	1.6317
2135	tufts university	0.1098	0.252	8	14	15	5	387	7.6855	2007.4	77.4	1.5371
2136	tulane university	0.1768	0.7646	2	6	6	5	796	7.2227	2003.2	159.2	1.4445
2141	twin cities orthopedics	0.1142	0.2039	14	19	25	7	768	19.1794	2015	109.7143	2.7399
2143	uc davis health system	0.1908	0.8072	1	8	18	5	304	8.3401	2018	60.8	1.668
2146	uclouvain	0.218	-0.7094	10	5	5	5	528	9.0912	2016.6	105.6	1.8182
2152	umeå university	0.578	-0.7696	6	14	26	8	486	8.0973	2009.125	60.75	1.0122
2154	uniformed services university of the health sciences	-0.1188	0.0062	8	15	15	7	324	7.2046	2010.4286	46.2857	1.0292
2160	united states department of veterans affairs	0.0849	0.7324	2	13	13	9	344	5.3831	1993.6667	38.2222	0.5981
2170	universidad complutense de madrid	0.0834	-0.3149	10	16	20	13	339	11.7833	2018.2308	26.0769	0.9064
2174	universidad de granada	0.0492	0.0488	9	8	8	8	106	2.4802	2015.75	13.25	0.31
2182	universidad de málaga	0.4898	-0.8401	6	33	36	5	165	2.8921	2017	33	0.5784
2204	universidade de são paulo	0.3348	0.7692	12	11	12	12	182	6.6995	2016.5833	15.1667	0.5583
2219	universidade federal do rio de janeiro	0.271	0.4297	12	13	13	10	324	5.853	2013.4	32.4	0.5853
2221	universidade federal do rio grande do sul	0.4595	0.7571	12	9	15	10	315	4.6974	2012.2	31.5	0.4697
2233	universitat autònoma de barcelona	0.2549	-0.2622	6	41	80	15	1138	36.2946	2016.4667	75.8667	2.4196
2234	universitat de barcelona	0.4182	-0.535	6	58	85	12	683	19.7576	2016.3333	56.9167	1.6465
2235	universitat de les illes balears	0.1865	-0.1431	9	8	9	5	107	3.5459	2013.2	21.4	0.7092
2237	universitat de valència	0.5181	-0.7085	6	33	62	14	610	10.6986	2013.3571	43.5714	0.7642
2238	universitat jaume i	0.5971	-0.8531	6	30	58	7	492	6.8624	2010.1429	70.2857	0.9803
2247	"university at albany, state university of new york"	-0.0226	1.0322	1	16	36	31	2512	34.5175	1998.0968	81.0323	1.1135
2248	"university at buffalo, state university of new york"	0.1365	0.7247	1	28	34	18	1199	20.6562	2008.6111	66.6111	1.1476
2250	university college dublin	-0.2058	-0.07	5	6	6	6	84	2.1327	2017.1667	14	0.3554
2253	university college london	0.1125	-0.6934	5	101	186	85	6672	138.644	2013.6353	78.4941	1.6311
2255	university health network	-0.2309	-0.1819	9	7	13	6	151	4.3709	2016.6667	25.1667	0.7285
2261	university hospital heidelberg	-0.7087	-1.1409	3	51	104	22	2594	54.1907	2017.9091	117.9091	2.4632
2263	university hospital münster	-0.8326	-1.2022	3	15	25	5	205	5.11	2014.8	41	1.022
2269	university hospital of zurich	0.126	-0.2172	13	36	43	11	526	16.296	2015.4545	47.8182	1.4815
2274	university medical center	-0.2598	0.0304	1	15	16	6	129	4.1468	2011.3333	21.5	0.6911
2275	university medical center freiburg	-0.4946	-0.5905	3	25	39	12	783	16.7123	2015.5	65.25	1.3927
2276	university medical center groningen	-0.0036	-0.9994	13	33	69	18	1311	32.7756	2016.7222	72.8333	1.8209
2277	university medical center hamburg-eppendorf	-0.6326	-0.8352	3	36	63	15	1422	31.9868	2015.3333	94.8	2.1325
2278	university medical center of the johannes gutenberg university mainz	-0.6914	-1.2856	3	12	23	7	542	10.777	2016.7143	77.4286	1.5396
2283	university of adelaide	0.4054	-0.2462	4	6	6	7	102	5.2687	2018	14.5714	0.7527
2286	university of alabama	-0.0268	0.9302	1	22	23	10	398	11.6025	2012.7	39.8	1.1603
2287	university of alabama at birmingham	-0.1571	0.9415	1	8	8	8	755	14.1873	2002.875	94.375	1.7734
2290	university of alberta	-0.2524	-0.2639	11	9	10	7	250	5.2038	2007.2857	35.7143	0.7434
2294	university of america	0.0186	0.2976	8	12	17	6	571	4.7989	2000.5	95.1667	0.7998
2295	university of amsterdam	-0.0689	-0.7551	13	127	295	113	8295	190.4899	2014.6903	73.4071	1.6858
2297	university of arizona	-0.0985	0.5591	2	48	53	25	1526	25.2053	2010.84	61.04	1.0082
2298	university of arkansas at fayetteville	0.1034	0.9002	12	13	15	10	427	5.5615	2010.8	42.7	0.5562
2299	university of arkansas for medical sciences	0.3259	0.693	12	22	25	6	142	4.1095	2015.8333	23.6667	0.6849
2300	university of auckland	-0.0224	0.6398	1	5	6	10	274	5.4934	2016.9	27.4	0.5493
2306	university of basel	-0.5035	-0.9365	3	28	37	21	1166	19.3085	2014.9524	55.5238	0.9195
2307	university of bath	0.2765	-0.3114	7	19	32	27	3133	37.6293	2014.0741	116.037	1.3937
2311	university of bergen	-0.2598	-0.2278	14	14	31	22	797	16.1091	2016.9545	36.2273	0.7322
2312	university of bern	0.0848	-0.6387	6	51	89	29	1138	22.0456	2014.4483	39.2414	0.7602
2313	university of birmingham	0.0146	-0.6746	5	23	30	20	1592	27.9798	2007.2	79.6	1.399
2314	university of bologna	0.5298	-0.5217	6	29	31	8	1196	35.8328	2012.625	149.5	4.4791
2321	university of bristol	0.3612	-0.8281	6	43	70	14	536	25.0406	2013.2857	38.2857	1.7886
2322	university of british columbia	0.0444	-0.1207	11	37	42	47	3023	56.9178	2006.1277	64.3191	1.211
2326	university of calgary	-0.0929	-0.1743	11	6	6	14	518	7.1023	2006.4286	37	0.5073
2328	"university of california, berkeley"	0.1925	0.3256	1	39	61	36	3654	57.1897	2015.6111	101.5	1.5886
2329	"university of california, davis"	0.1624	0.5504	1	32	66	32	3423	56.6591	2015.2812	106.9688	1.7706
2330	"university of california, irvine"	-0.2074	0.253	14	13	15	10	1190	14.9658	2006.2	119	1.4966
2332	"university of california, los angeles"	-0.1142	0.2523	14	117	215	116	8849	205.4382	2012.2155	76.2845	1.771
2334	"university of california, riverside"	-0.1664	1.161	2	5	6	5	134	5.826	2015.2	26.8	1.1652
2335	"university of california, san diego"	-0.0361	0.8789	2	84	159	59	3347	93.5585	2016.4407	56.7288	1.5857
2336	"university of california, san francisco"	0.0941	0.4957	14	63	87	35	2515	66.1206	2010.7714	71.8571	1.8892
2337	"university of california, santa barbara"	0.057	0.7423	7	10	10	12	1204	22.7306	2000.75	100.3333	1.8942
2338	university of cambridge	0.0921	-0.7964	5	70	122	30	3424	70.4656	2014.1333	114.1333	2.3489
2340	university of canterbury	1.1897	-0.1351	4	1	2	8	244	3.7588	2006.25	30.5	0.4699
2341	university of cape town	0.1474	-0.5558	13	37	41	9	828	18.0465	2013.4444	92	2.0052
2343	university of central florida	0.1692	0.6661	7	5	5	10	227	3.7377	2014.7	22.7	0.3738
2345	university of chicago	-0.0458	0.4367	2	20	23	15	635	10.9374	2004.3333	42.3333	0.7292
2348	university of chile	0.3138	0.1805	1	2	2	5	137	2.3588	2003.6	27.4	0.4718
2349	university of chinese academy of sciences	-0.5243	-0.6054	11	3	8	6	118	3.2726	2017.6667	19.6667	0.5454
2350	university of cincinnati	-0.1616	0.8006	2	21	22	12	393	9.3375	2006.5	32.75	0.7781
2351	university of cincinnati medical center	-0.0896	1.0197	2	17	20	10	285	12.9431	2006.7	28.5	1.2943
2352	university of coimbra	0.3113	-0.4356	9	7	8	9	132	6.5244	2018.3333	14.6667	0.7249
2353	university of cologne	-0.5688	-1.0531	3	32	51	11	199	10.6001	2019.3636	18.0909	0.9636
2355	university of colorado boulder	-0.3126	0.014	8	27	32	22	1795	27.0149	2013.5	81.5909	1.228
2357	university of colorado denver	-0.0885	0.8357	1	20	22	13	337	3.7046	2014.1538	25.9231	0.285
2359	university of colorado system	-0.3935	-0.2239	8	5	8	8	230	3.3583	2014.75	28.75	0.4198
2361	university of connecticut	0.2308	0.6311	8	9	10	13	432	8.085	2001.2308	33.2308	0.6219
2362	university of connecticut health center	0.0748	0.349	8	12	12	6	203	4.0015	2007.1667	33.8333	0.6669
2363	university of copenhagen	0.2506	-0.4428	6	36	43	17	579	22.2204	2016.9412	34.0588	1.3071
2366	university of delaware	0.0504	0.3546	8	20	26	12	346	11.3885	2016	28.8333	0.949
2368	university of denver	-0.025	0.5008	2	29	30	16	961	19.6253	2010.375	60.0625	1.2266
2369	university of derby	1.3202	-2.601	15	1	1	7	73	2.0047	2015	10.4286	0.2864
2371	university of duisburg-essen	-0.4213	-0.6149	8	10	11	9	236	13.601	2018.5556	26.2222	1.5112
2373	university of east anglia	0.2959	-1.0249	5	20	34	14	647	13.4141	2012.7143	46.2143	0.9581
2377	university of essex	0.3755	-0.819	4	10	13	10	228	3.9175	2013.1	22.8	0.3917
2379	university of exeter	0.1035	-0.3917	5	36	47	24	2497	41.5351	2013.625	104.0417	1.7306
2381	university of florida	-0.1133	0.6427	1	41	50	33	1737	27.8879	2006.303	52.6364	0.8451
2382	university of florida health	-0.1239	0.9197	1	9	11	5	1116	14.5069	2011	223.2	2.9014
2385	university of freiburg	-0.4732	-0.9238	3	39	55	19	1927	44.118	2018.7895	101.4211	2.322
2388	university of geneva	0.2104	-0.1385	11	12	12	6	331	13.3423	2015.3333	55.1667	2.2237
2390	university of georgia	0.0895	0.7069	7	18	19	20	888	19.3923	2003.75	44.4	0.9696
2391	university of giessen	-0.7421	-1.2587	3	40	56	19	1201	31.4196	2010.6316	63.2105	1.6537
2392	university of glasgow	-0.0782	-0.5683	5	36	43	20	1388	26.2047	2008.95	69.4	1.3102
2393	university of gothenburg	0.7809	-0.5608	6	14	20	10	151	5.3671	2002.6	15.1	0.5367
2395	university of greifswald	-0.7988	-1.1877	3	44	98	19	1041	40.9234	2018.8421	54.7895	2.1539
2396	university of groningen	0.0095	-0.8585	13	43	96	42	1861	46.2587	2011.4524	44.3095	1.1014
2399	university of göttingen	-0.4731	-1.171	3	28	36	7	645	13.996	2017.8571	92.1429	1.9994
2400	university of haifa	0.0407	-0.125	8	16	20	24	693	28.9036	2015.9167	28.875	1.2043
2404	university of hawaiʻi at mānoa	0.2773	0.4904	7	2	2	8	120	2.9969	2016	15	0.3746
2405	university of helsinki	-0.019	-0.8979	5	7	7	6	127	3.3116	2016.1667	21.1667	0.5519
2406	university of hertfordshire	0.2315	-0.624	13	35	38	5	666	15.2436	2013.8	133.2	3.0487
2408	university of hong kong	-0.3821	-0.2395	1	11	17	10	262	9.6621	2017.2	26.2	0.9662
2409	university of houston	0.0396	0.7061	1	50	71	40	1825	37.9982	2012.45	45.625	0.95
2410	university of houston - clear lake	0.0621	0.7753	12	14	18	6	258	4.5205	2009.6667	43	0.7534
2418	university of illinois at chicago	-0.2849	0.6605	2	42	65	34	1724	29.3837	2010.7647	50.7059	0.8642
2420	university of illinois urbana-champaign	-0.1752	0.6243	2	15	18	14	436	11.0888	2006.2857	31.1429	0.7921
2423	university of iowa	-0.1064	0.8711	1	10	10	13	795	11.5421	2000.6923	61.1538	0.8879
2428	university of jyväskylä	0.5742	0.0818	4	2	4	9	494	15.1215	2013.6667	54.8889	1.6802
2429	university of kansas	-0.0829	0.5293	1	19	20	16	1734	21.172	2001.375	108.375	1.3232
2431	university of kassel	-0.4495	-0.5711	8	3	4	5	77	1.5093	2011.4	15.4	0.3019
2432	university of kent	0.6968	-1.3164	15	2	2	6	232	4.9528	2015.5	38.6667	0.8255
2433	university of kentucky	0.2827	0.581	1	18	22	16	593	10.0847	2005.5	37.0625	0.6303
2435	university of koblenz and landau	-0.6236	-1.1056	3	14	22	9	123	8.6131	2020	13.6667	0.957
2436	university of konstanz	-0.1726	-0.3735	10	19	29	5	419	7.5239	2016.2	83.8	1.5048
2439	university of lausanne	-0.1324	-0.5375	4	11	16	13	223	10.0588	2017.0769	17.1538	0.7738
2440	university of leeds	0.1762	-0.5352	10	15	18	16	1161	19.9936	2009.0625	72.5625	1.2496
2447	university of liverpool	-0.2004	-0.6724	5	31	38	25	2306	38.3585	2006.08	92.24	1.5343
2449	university of london	0.0923	-0.7063	5	22	31	14	2459	26.3622	2000.4286	175.6429	1.883
2451	university of louisville	-0.1226	0.6193	14	27	29	10	308	14.9235	2012.3	30.8	1.4924
2454	university of lübeck	-0.5645	-0.9829	8	16	17	7	312	7.5595	2018	44.5714	1.0799
2456	university of maine	-0.0379	0.9683	1	4	4	5	261	5.6158	2004.4	52.2	1.1232
2458	university of manchester	-0.0502	-0.6317	5	56	105	66	5703	94.923	2010.5606	86.4091	1.4382
2459	university of manitoba	0.033	0.5785	1	4	5	8	127	4.3342	2008.75	15.875	0.5418
2460	university of mannheim	-0.8963	-1.3659	3	15	24	6	127	4.9323	2018.6667	21.1667	0.8221
2461	"university of maryland, baltimore"	-0.0646	0.6825	13	12	14	9	729	12.7948	2007.2222	81	1.4216
2462	"university of maryland, baltimore county"	-0.0356	0.2694	10	9	9	8	403	5.1571	2009.375	50.375	0.6446
2463	"university of maryland, college park"	0.0301	0.5177	7	30	39	27	3762	43.5065	2010.1111	139.3333	1.6114
2464	university of massachusetts amherst	-0.2597	0.396	9	13	32	21	686	11.6766	2012.8571	32.6667	0.556
2465	university of massachusetts boston	0.1447	0.9622	7	15	20	15	519	7.7602	2015.7333	34.6	0.5173
2466	university of massachusetts chan medical school	0.1211	0.971	7	14	15	13	2966	40.5785	2008.3077	228.1538	3.1214
2468	university of melbourne	0.4386	-0.2712	4	73	153	38	2453	73.6878	2017.1579	64.5526	1.9392
2469	university of memphis	-0.192	0.9216	1	7	7	14	315	6.7138	2003.2857	22.5	0.4796
2471	university of miami	-0.0037	0.4549	1	47	61	42	2523	48.9798	2010.0238	60.0714	1.1662
2472	university of michigan–ann arbor	-0.1516	0.3709	2	36	47	34	1713	33.9964	2011.2059	50.3824	0.9999
2476	university of minho	0.4179	-0.6336	9	15	16	6	72	7.37	2015.3333	12	1.2283
2477	university of minnesota	-0.0504	0.6099	14	45	55	29	2746	51.5961	2010.069	94.6897	1.7792
2480	university of mississippi	0.04	-0.1028	5	7	8	10	733	18.4236	1997.4	73.3	1.8424
2481	university of mississippi medical center	0.0096	1.0243	1	5	6	9	248	6.4823	2004.8889	27.5556	0.7203
2482	university of missouri	-0.0672	0.8273	1	20	24	14	926	21.5032	2001.4286	66.1429	1.5359
2484	university of missouri–kansas city	-0.1861	0.9328	2	11	12	5	68	2.2695	2018.4	13.6	0.4539
2485	university of missouri–st. louis	0.1829	0.793	2	18	24	11	1443	15.9372	2009.8182	131.1818	1.4488
2488	university of mohaghegh ardabili	-0.2757	-0.846	10	1	1	5	39	4.137	2018.4	7.8	0.8274
2489	university of montana	-0.3219	0.2676	1	1	1	8	374	8.6477	1990.25	46.75	1.081
2491	university of münster	-0.7829	-1.174	3	38	65	18	422	13.4339	2016.2222	23.4444	0.7463
2494	university of nebraska medical center	-0.1518	0.8479	1	8	14	9	280	8.9698	2018.6667	31.1111	0.9966
2495	university of nebraska–lincoln	0.071	0.966	1	22	23	20	1238	20.3511	2007.7	61.9	1.0176
2496	university of nevada reno	0.3676	0.3645	7	40	69	58	13886	218.0519	2010.5862	239.4138	3.7595
2497	"university of nevada, las vegas"	-0.2063	0.924	1	2	2	5	34	2.4295	2016.8	6.8	0.4859
2498	university of new brunswick	-0.127	-0.0578	11	2	3	5	1681	11.2717	2004.6	336.2	2.2543
2499	university of new england	0.5173	-0.8233	4	2	2	5	89	1.9246	2013.2	17.8	0.3849
2501	university of new hampshire at manchester	-0.1653	0.9047	1	4	4	5	297	2.8893	2008.4	59.4	0.5779
2502	university of new mexico	-0.0059	0.5141	1	10	10	16	2678	37.0598	2011.6875	167.375	2.3162
2504	university of newcastle australia	0.4911	-0.8131	4	10	12	10	321	6.9686	2015.8	32.1	0.6969
2507	university of north carolina at chapel hill	-0.1445	0.6255	1	58	85	51	5217	94.5383	2014.2941	102.2941	1.8537
2509	university of north carolina at greensboro	-0.2159	0.9406	1	3	3	10	377	7.414	1995.5	37.7	0.7414
2514	university of north texas	0.0285	0.1979	5	20	22	10	282	9.8832	2014.9	28.2	0.9883
2517	university of notre dame	0.2099	1.0036	12	4	6	8	126	2.2219	2009.75	15.75	0.2777
2518	university of nottingham	-0.0539	-0.7235	3	10	11	13	687	20.0141	2011.3077	52.8462	1.5395
2522	university of oregon	-0.0548	0.5637	1	13	13	10	224	9.711	2008.5	22.4	0.9711
2523	university of oslo	-0.3049	-0.2563	14	30	58	39	661	21.3254	2015.641	16.9487	0.5468
2524	university of otago	1.1785	-0.134	4	2	3	6	143	2.0628	2012.5	23.8333	0.3438
2525	university of ottawa	0.05	0.0669	11	24	32	21	1283	23.8756	2013.2857	61.0952	1.1369
2527	university of oxford	0.1961	-0.8974	10	106	317	127	20166	301.47	2013.0079	158.7874	2.3738
2528	university of padua	-0.0983	-0.3713	10	5	5	5	160	4.3132	2009	32	0.8626
2532	university of pennsylvania	-0.0151	0.5111	12	91	172	86	8882	132.5493	2009.3488	103.2791	1.5413
2534	university of pittsburgh	0.0493	0.497	1	80	104	59	3686	65.1598	2002.5424	62.4746	1.1044
2538	university of potsdam	-0.856	-1.409	3	13	20	7	69	1.9419	2018.4286	9.8571	0.2774
2542	university of queensland	0.3597	-0.3176	4	28	45	45	2593	37.8282	2009.1778	57.6222	0.8406
2543	university of reading	0.3246	-0.8412	15	32	49	22	668	19.2039	2015.5909	30.3636	0.8729
2544	university of regensburg	-0.6318	-1.0552	3	31	36	8	1102	28.4366	2015.375	137.75	3.5546
2545	university of regina	0.1515	0.3313	1	8	8	9	1147	12.4106	2012.6667	127.4444	1.379
2547	university of rochester	-0.142	0.597	1	18	18	10	1201	14.8074	2005.1	120.1	1.4807
2548	university of rochester medical center	-0.0011	0.8169	2	11	11	5	269	4.2032	2013.6	53.8	0.8406
2549	university of roehampton	0.468	-0.4235	6	36	62	8	273	7.6782	2015.25	34.125	0.9598
2555	university of salzburg	-0.5217	-0.7685	11	11	18	10	600	11.4772	2014.6	60	1.1477
2558	university of saskatchewan	-0.2729	0.2294	1	5	5	7	221	6.9442	2010.8571	31.5714	0.992
2560	university of scranton	-0.1706	0.6562	14	4	4	6	309	6.6696	2000.5	51.5	1.1116
2561	university of sheffield	0.7215	-1.4277	15	53	93	37	2217	41.4479	2013.6486	59.9189	1.1202
2568	university of south carolina	-0.0411	0.5504	7	6	6	7	238	3.647	2006.1429	34	0.521
2570	university of south florida	-0.0151	0.6373	1	37	56	38	4495	54.9774	2010	118.2895	1.4468
2571	university of south florida st. petersburg	-0.0347	0.3676	1	18	25	10	752	14.2354	2013.4	75.2	1.4235
2574	university of southampton	0.1103	-0.4125	10	49	65	39	3365	61.1304	2013.4103	86.2821	1.5674
2575	university of southern california	-0.2227	0.6281	14	39	55	28	1533	51.7932	2013.3214	54.75	1.8498
2576	university of southern denmark	0.4724	-0.7019	6	11	14	5	76	5.5898	2021.2	15.2	1.118
2577	university of southern mississippi	0.0137	1.0577	1	2	3	7	85	1.9494	2006.7143	12.1429	0.2785
2582	university of stirling	-0.0248	-0.8353	5	6	7	8	584	7.394	2004.75	73	0.9243
2587	university of surrey	0.6317	-1.1962	15	15	15	10	400	7.7793	2013.8	40	0.7779
2588	university of sussex	0.4587	-1.1825	10	29	45	19	812	23.1134	2014.6842	42.7368	1.2165
2589	university of sydney	0.2596	-0.3626	4	61	95	57	3324	57.1251	2013.1404	58.3158	1.0022
2592	university of tasmania	0.0223	-0.5052	4	21	27	9	126	6.2844	2015.6667	14	0.6983
2594	university of technology sydney	0.4753	-0.381	4	6	7	5	45	2.0633	2019.2	9	0.4127
2596	university of tennessee at knoxville	-0.0341	0.6602	7	10	11	17	351	4.8791	2012.1176	20.6471	0.287
2607	university of the west of england	-0.1888	-0.1173	5	5	5	8	148	5.0514	2019.625	18.5	0.6314
2610	university of toledo	0.256	0.3063	7	6	9	5	774	23.6563	2020	154.8	4.7313
2611	university of toronto	-0.0828	-0.0831	9	64	124	69	4653	80.5326	2011.3478	67.4348	1.1671
2620	university of twente	-0.028	-1.0221	13	7	9	6	117	6.6525	2019.1667	19.5	1.1088
2621	university of tübingen	-0.3679	-0.8686	3	14	15	5	104	4.5198	2018.2	20.8	0.904
2623	university of ulm	-0.1647	-0.5161	10	7	7	7	211	5.1089	2013	30.1429	0.7298
2624	university of ulster	0.0334	-0.2916	5	15	16	5	243	4.5503	2016.6	48.6	0.9101
2625	university of utah	-0.0249	0.7223	1	60	86	50	3251	78.2358	2013.1	65.02	1.5647
2627	university of vermont	0.0064	0.7489	1	29	36	27	1971	41.9969	2006.5926	73	1.5554
2632	university of virginia	-0.0208	0.8764	1	14	17	19	1301	29.5568	2011.8947	68.4737	1.5556
2637	university of washington	-0.1033	0.6381	2	74	119	69	4538	80.1569	2011.913	65.7681	1.1617
2639	university of waterloo	0.0843	-0.0818	4	21	33	17	306	16.2774	2016.7647	18	0.9575
2641	university of western australia	0.4239	-0.6178	4	45	73	34	1787	36.6117	2015.6765	52.5588	1.0768
2643	university of windsor	-0.1432	-0.5079	4	6	11	14	621	8.8306	2013.3571	44.3571	0.6308
2645	university of wisconsin–madison	-0.2188	0.5696	14	35	37	29	1480	34.4874	2008.8276	51.0345	1.1892
2646	university of wisconsin–milwaukee	0.091	0.952	1	11	11	18	485	7.4684	2006.6111	26.9444	0.4149
2650	university of wollongong	0.3114	0.1154	1	6	7	8	674	8.4338	2014.375	84.25	1.0542
2654	university of würzburg	-0.7868	-1.195	3	41	90	18	1035	41.2957	2019.0556	57.5	2.2942
2655	university of york	-0.2443	-0.8797	10	3	3	5	74	3.7365	2019.8	14.8	0.7473
2658	university of zurich	-0.1284	-0.5704	13	60	75	27	2343	39.4145	2015.4444	86.7778	1.4598
2660	university school	-0.1352	0.6881	2	31	58	15	1093	21.1033	2014.1333	72.8667	1.4069
2669	universität hamburg	-0.633	-0.8639	3	45	78	21	1554	34.7088	2013.9524	74	1.6528
2670	universität innsbruck	-0.407	-0.4366	8	7	9	8	464	9.0729	2014.25	58	1.1341
2671	universität trier	0.287	-0.512	6	37	63	11	377	16.7735	2017.9091	34.2727	1.5249
2674	universitätsklinikum würzburg	-0.8374	-1.1719	3	17	42	8	252	14.6649	2019.5	31.5	1.8331
2680	université de montréal	0.0903	-0.2839	11	15	30	20	421	9.6007	2010.3	21.05	0.48
2681	université de sherbrooke	0.0488	-0.2005	11	9	13	8	104	2.6311	2018.125	13	0.3289
2685	université du québec en outaouais	0.0684	-0.2038	11	7	9	6	353	5.695	2009.5	58.8333	0.9492
2690	université laval	0.1288	-0.2249	11	19	30	24	1149	35.0985	2008.1667	47.875	1.4624
2696	unsw sydney	0.5124	-0.4579	4	65	121	73	6041	104.1979	2010.3014	82.7534	1.4274
2699	uppsala university	0.3686	-0.8612	6	45	86	30	1155	30.6312	2008.2667	38.5	1.021
2702	utah state university	-0.054	0.7749	1	22	27	27	1616	33.8764	2014.5556	59.8519	1.2547
2705	utrecht university	-0.0336	-0.8168	13	60	112	44	1994	66.609	2018.3864	45.3182	1.5138
2707	va ann arbor healthcare system	-0.1724	0.7787	2	10	14	5	307	9.5789	2019	61.4	1.9158
2708	va boston healthcare system	0.1698	0.8856	2	63	179	40	2174	48.6368	2017.275	54.35	1.2159
2719	va north texas health care system	0.3115	1.0404	12	14	14	5	97	3.3266	2018.4	19.4	0.6653
2724	va palo alto health care system	0.1158	0.4015	2	76	127	26	2216	34.7237	2011.7692	85.2308	1.3355
2727	va puget sound health care system	0.123	0.7644	7	17	21	8	754	8.4803	2013	94.25	1.06
2729	va san diego healthcare system	-0.0535	0.9814	2	20	54	27	664	16.5037	2017.1111	24.5926	0.6112
2735	vanderbilt university	-0.0895	0.6117	1	57	71	50	3169	65.6242	2012.12	63.38	1.3125
2740	veterans health administration	0.0243	0.7456	2	29	36	15	552	13.1993	2014.9333	36.8	0.88
2752	virginia commonwealth university	-0.0568	0.745	1	33	41	28	2074	42.7651	2011.3929	74.0714	1.5273
2755	virginia tech	0.4187	-0.1272	6	46	73	32	1898	31.6284	2006.9688	59.3125	0.9884
2761	vrije universiteit amsterdam	0.1957	-0.6978	6	73	141	34	2642	77.2153	2014.8235	77.7059	2.271
2766	wake forest university	-0.2128	0.2814	1	6	6	6	262	4.1955	2010.1667	43.6667	0.6993
2771	warneford hospital	0.1147	-1.0566	10	41	82	37	11218	114.0479	2006.4324	303.1892	3.0824
2777	washington state university	-0.3098	0.264	1	6	6	6	355	6.3252	2005.5	59.1667	1.0542
2781	washington university in st. louis	0.2633	0.5887	2	14	16	14	1391	16.5207	2007.9286	99.3571	1.1801
2784	wayne state university	-0.0252	0.1152	10	7	8	10	346	14.7173	2009	34.6	1.4717
2787	wellcome centre for human neuroimaging	0.0469	-0.9542	5	21	26	7	252	13.8519	2020.4286	36	1.9788
2795	west chester university	-0.0835	0.6214	8	11	12	5	416	5.2606	2008.8	83.2	1.0521
2802	west virginia university	0.1229	0.557	7	18	18	24	1404	27.7973	1997.75	58.5	1.1582
2810	western michigan university	-0.1831	0.4296	5	8	8	10	263	4.0557	2011	26.3	0.4056
2815	western sydney university	0.4417	-0.3676	4	32	34	9	243	9.145	2015.8889	27	1.0161
2816	western university	-0.3883	-0.0901	9	7	10	16	1186	15.284	2008.75	74.125	0.9552
2819	westmead hospital	0.4974	-0.1967	4	4	9	5	790	9.151	2004.4	158	1.8302
2830	wichita state university	0.183	0.9935	12	5	5	7	237	4.0271	2002.1429	33.8571	0.5753
2834	wilfrid laurier university	0.2071	-0.2655	9	6	9	5	272	5.3466	2013.2	54.4	1.0693
2845	winneshiek medical center	0.2222	0.3641	1	8	8	8	381	7.5579	2009.5	47.625	0.9447
2850	witten/herdecke university	-0.497	-0.9389	3	21	23	8	128	12.1733	2020.25	16	1.5217
2875	yale university	-0.0207	0.2218	4	100	135	87	11557	165.4464	2011.2184	132.8391	1.9017
2879	yeshiva university	-0.1843	0.1399	9	11	13	6	121	2.9576	2011.3333	20.1667	0.4929
2885	york university	-0.3906	0.1051	9	23	48	44	2249	31.0423	2013.2045	51.1136	0.7055
2901	örebro university	0.7834	-0.674	6	11	17	10	1040	17.001	2013.1	104	1.7001
